4.777999999999999581e+00
4.766000000000000014e+00
4.392000000000000348e+00
3.839999999999999858e+00
3.839999999999999858e+00
3.839999999999999858e+00
3.839999999999999858e+00
3.221999999999999975e+00
3.160000000000000142e+00
3.491999999999999993e+00
3.479999999999999982e+00
3.479999999999999982e+00
3.479999999999999982e+00
3.410000000000000142e+00
3.628000000000000114e+00
3.967999999999999972e+00
3.978000000000000203e+00
4.128000000000000114e+00
4.128000000000000114e+00
4.128000000000000114e+00
4.381999999999999673e+00
4.059999999999999609e+00
4.043999999999999595e+00
4.200000000000000178e+00
4.258000000000000007e+00
4.258000000000000007e+00
4.258000000000000007e+00
4.190000000000000391e+00
4.110000000000000320e+00
4.144000000000000128e+00
4.070000000000000284e+00
3.987999999999999989e+00
3.987999999999999989e+00
3.987999999999999989e+00
4.184000000000000163e+00
4.389999999999999680e+00
4.251999999999999780e+00
4.089999999999999858e+00
3.918000000000000149e+00
3.918000000000000149e+00
3.918000000000000149e+00
3.919999999999999929e+00
3.806000000000000050e+00
3.580000000000000071e+00
3.520000000000000018e+00
3.664000000000000146e+00
3.664000000000000146e+00
3.664000000000000146e+00
3.755999999999999783e+00
3.830000000000000071e+00
3.754000000000000004e+00
3.758000000000000007e+00
3.819999999999999840e+00
3.819999999999999840e+00
3.819999999999999840e+00
4.025999999999999801e+00
3.839999999999999858e+00
3.979999999999999982e+00
3.950000000000000178e+00
3.939999999999999947e+00
3.939999999999999947e+00
3.939999999999999947e+00
3.974000000000000199e+00
3.895999999999999908e+00
4.089999999999999858e+00
4.211999999999999744e+00
4.209999999999999964e+00
4.209999999999999964e+00
4.209999999999999964e+00
4.209999999999999964e+00
4.107999999999999652e+00
4.179999999999999716e+00
4.142000000000000348e+00
4.033999999999999808e+00
4.033999999999999808e+00
4.033999999999999808e+00
4.144000000000000128e+00
4.224000000000000199e+00
4.395999999999999908e+00
4.187999999999999723e+00
4.046000000000000263e+00
4.046000000000000263e+00
4.046000000000000263e+00
4.211999999999999744e+00
4.153999999999999915e+00
3.974000000000000199e+00
3.911999999999999922e+00
4.019999999999999574e+00
4.019999999999999574e+00
4.019999999999999574e+00
4.105999999999999872e+00
4.280000000000000249e+00
4.395999999999999908e+00
4.081999999999999851e+00
4.120000000000000107e+00
4.120000000000000107e+00
4.120000000000000107e+00
4.198000000000000398e+00
4.224000000000000199e+00
4.091999999999999638e+00
4.086000000000000298e+00
4.086000000000000298e+00
4.086000000000000298e+00
4.086000000000000298e+00
4.048000000000000043e+00
4.048000000000000043e+00
4.107999999999999652e+00
4.150000000000000355e+00
4.107999999999999652e+00
4.107999999999999652e+00
4.107999999999999652e+00
4.046000000000000263e+00
4.009999999999999787e+00
4.129999999999999893e+00
4.150000000000000355e+00
4.144000000000000128e+00
4.144000000000000128e+00
4.144000000000000128e+00
4.169999999999999929e+00
4.272000000000000242e+00
4.200000000000000178e+00
4.238000000000000433e+00
4.368000000000000327e+00
4.368000000000000327e+00
4.368000000000000327e+00
4.282000000000000028e+00
4.250000000000000000e+00
4.354000000000000092e+00
4.980000000000000426e+00
4.887999999999999901e+00
4.887999999999999901e+00
4.887999999999999901e+00
4.996000000000000441e+00
4.926000000000000156e+00
5.871999999999999886e+00
5.607999999999999652e+00
5.967999999999999972e+00
5.967999999999999972e+00
5.967999999999999972e+00
6.160000000000000142e+00
5.934000000000000163e+00
5.897999999999999687e+00
5.977999999999999758e+00
6.198000000000000398e+00
6.198000000000000398e+00
6.198000000000000398e+00
6.679999999999999716e+00
6.913999999999999702e+00
7.094000000000000306e+00
7.094000000000000306e+00
7.064000000000000057e+00
7.064000000000000057e+00
7.064000000000000057e+00
6.865999999999999659e+00
7.065999999999999837e+00
6.870000000000000107e+00
6.469999999999999751e+00
6.298000000000000043e+00
6.298000000000000043e+00
6.298000000000000043e+00
6.062000000000000277e+00
6.312000000000000277e+00
6.474000000000000199e+00
6.410000000000000142e+00
6.304000000000000270e+00
6.304000000000000270e+00
6.304000000000000270e+00
6.110000000000000320e+00
5.706000000000000405e+00
5.919999999999999929e+00
6.161999999999999922e+00
6.272000000000000242e+00
6.272000000000000242e+00
6.272000000000000242e+00
6.339999999999999858e+00
6.451999999999999957e+00
6.525999999999999801e+00
6.017999999999999794e+00
6.017999999999999794e+00
6.017999999999999794e+00
6.017999999999999794e+00
5.110000000000000320e+00
5.282000000000000028e+00
5.546000000000000263e+00
5.299999999999999822e+00
5.325999999999999623e+00
5.325999999999999623e+00
5.325999999999999623e+00
5.323999999999999844e+00
5.333999999999999631e+00
5.365999999999999659e+00
5.575999999999999623e+00
5.647999999999999687e+00
5.647999999999999687e+00
5.647999999999999687e+00
5.690000000000000391e+00
5.392000000000000348e+00
5.392000000000000348e+00
5.243999999999999773e+00
5.150000000000000355e+00
5.150000000000000355e+00
5.150000000000000355e+00
5.150000000000000355e+00
5.128000000000000114e+00
4.806000000000000050e+00
4.524000000000000021e+00
4.607999999999999652e+00
4.607999999999999652e+00
4.607999999999999652e+00
4.897999999999999687e+00
4.935999999999999943e+00
4.950000000000000178e+00
4.983999999999999986e+00
4.801999999999999602e+00
4.801999999999999602e+00
4.801999999999999602e+00
4.820000000000000284e+00
4.782000000000000028e+00
4.788000000000000256e+00
4.725999999999999979e+00
4.692000000000000171e+00
4.692000000000000171e+00
4.692000000000000171e+00
4.613999999999999879e+00
4.897999999999999687e+00
4.642000000000000348e+00
4.644000000000000128e+00
4.650000000000000355e+00
4.650000000000000355e+00
4.650000000000000355e+00
4.615999999999999659e+00
4.567999999999999616e+00
4.945999999999999730e+00
4.719999999999999751e+00
4.636000000000000121e+00
4.636000000000000121e+00
4.636000000000000121e+00
4.636000000000000121e+00
4.373999999999999666e+00
4.365999999999999659e+00
4.506000000000000227e+00
4.722000000000000419e+00
4.722000000000000419e+00
4.722000000000000419e+00
4.777999999999999581e+00
4.788000000000000256e+00
4.804000000000000270e+00
4.871999999999999886e+00
4.990000000000000213e+00
4.990000000000000213e+00
4.990000000000000213e+00
4.988000000000000433e+00
4.932000000000000384e+00
4.943999999999999950e+00
4.801999999999999602e+00
4.814000000000000057e+00
4.814000000000000057e+00
4.814000000000000057e+00
4.650000000000000355e+00
4.589999999999999858e+00
4.564000000000000057e+00
4.562000000000000277e+00
4.591999999999999638e+00
4.591999999999999638e+00
4.591999999999999638e+00
4.546000000000000263e+00
4.437999999999999723e+00
4.442000000000000171e+00
4.466000000000000192e+00
4.549999999999999822e+00
4.549999999999999822e+00
4.549999999999999822e+00
4.650000000000000355e+00
4.783999999999999808e+00
4.741999999999999993e+00
5.549999999999999822e+00
5.331999999999999851e+00
5.331999999999999851e+00
5.331999999999999851e+00
5.166000000000000369e+00
5.339999999999999858e+00
5.298000000000000043e+00
5.448000000000000398e+00
5.298000000000000043e+00
5.298000000000000043e+00
5.298000000000000043e+00
5.054000000000000270e+00
4.929999999999999716e+00
4.985999999999999766e+00
5.027999999999999581e+00
5.115999999999999659e+00
5.115999999999999659e+00
5.115999999999999659e+00
5.006000000000000227e+00
5.032000000000000028e+00
5.150000000000000355e+00
5.347999999999999865e+00
5.347999999999999865e+00
5.347999999999999865e+00
5.347999999999999865e+00
5.277999999999999581e+00
5.386000000000000121e+00
5.416000000000000369e+00
5.532000000000000028e+00
5.519999999999999574e+00
5.519999999999999574e+00
5.519999999999999574e+00
5.490000000000000213e+00
5.373999999999999666e+00
5.338000000000000078e+00
5.288000000000000256e+00
5.424000000000000377e+00
5.424000000000000377e+00
5.424000000000000377e+00
5.581999999999999851e+00
5.666000000000000369e+00
5.413999999999999702e+00
5.533999999999999808e+00
5.509999999999999787e+00
5.509999999999999787e+00
5.509999999999999787e+00
5.320000000000000284e+00
5.192000000000000171e+00
5.269999999999999574e+00
5.639999999999999680e+00
5.594000000000000306e+00
5.594000000000000306e+00
5.594000000000000306e+00
5.363999999999999879e+00
5.344000000000000306e+00
5.796000000000000263e+00
5.895999999999999908e+00
5.910000000000000142e+00
5.910000000000000142e+00
5.910000000000000142e+00
5.910000000000000142e+00
6.027999999999999581e+00
5.703999999999999737e+00
5.751999999999999780e+00
6.025999999999999801e+00
6.025999999999999801e+00
6.025999999999999801e+00
5.740000000000000213e+00
5.674000000000000377e+00
5.424000000000000377e+00
5.524000000000000021e+00
5.572000000000000064e+00
5.572000000000000064e+00
5.572000000000000064e+00
5.685999999999999943e+00
5.719999999999999751e+00
5.464000000000000412e+00
5.299999999999999822e+00
5.299999999999999822e+00
5.299999999999999822e+00
5.299999999999999822e+00
5.201999999999999957e+00
5.506000000000000227e+00
5.442000000000000171e+00
5.541999999999999815e+00
5.514000000000000234e+00
5.514000000000000234e+00
5.514000000000000234e+00
5.491999999999999993e+00
5.621999999999999886e+00
5.658000000000000362e+00
5.825999999999999623e+00
5.804000000000000270e+00
5.804000000000000270e+00
5.804000000000000270e+00
5.804000000000000270e+00
5.828000000000000291e+00
5.791999999999999815e+00
5.945999999999999730e+00
5.761999999999999567e+00
5.761999999999999567e+00
5.761999999999999567e+00
5.669999999999999929e+00
5.634000000000000341e+00
5.727999999999999758e+00
5.522000000000000242e+00
5.516000000000000014e+00
5.516000000000000014e+00
5.516000000000000014e+00
5.445999999999999730e+00
5.578000000000000291e+00
5.738000000000000433e+00
5.740000000000000213e+00
5.857999999999999652e+00
5.857999999999999652e+00
5.857999999999999652e+00
5.698000000000000398e+00
5.599999999999999645e+00
5.527999999999999581e+00
5.634000000000000341e+00
5.634000000000000341e+00
5.634000000000000341e+00
5.634000000000000341e+00
5.753999999999999559e+00
5.467999999999999972e+00
5.440000000000000391e+00
4.950000000000000178e+00
4.847999999999999865e+00
4.847999999999999865e+00
4.847999999999999865e+00
4.727999999999999758e+00
5.011999999999999567e+00
4.764000000000000234e+00
5.059999999999999609e+00
5.261999999999999567e+00
5.261999999999999567e+00
5.261999999999999567e+00
5.246000000000000441e+00
5.219999999999999751e+00
5.166000000000000369e+00
4.852000000000000313e+00
4.459999999999999964e+00
4.459999999999999964e+00
4.459999999999999964e+00
4.389999999999999680e+00
4.591999999999999638e+00
4.774000000000000021e+00
4.621999999999999886e+00
4.746000000000000441e+00
4.746000000000000441e+00
4.746000000000000441e+00
4.942000000000000171e+00
4.926000000000000156e+00
4.948000000000000398e+00
4.799999999999999822e+00
4.613999999999999879e+00
4.613999999999999879e+00
4.613999999999999879e+00
4.613999999999999879e+00
4.588000000000000078e+00
4.767999999999999794e+00
4.722000000000000419e+00
4.594000000000000306e+00
4.594000000000000306e+00
4.594000000000000306e+00
4.575999999999999623e+00
4.815999999999999837e+00
4.868000000000000327e+00
4.964000000000000412e+00
5.160000000000000142e+00
5.160000000000000142e+00
5.160000000000000142e+00
5.153999999999999915e+00
5.201999999999999957e+00
5.169999999999999929e+00
5.126000000000000334e+00
5.275999999999999801e+00
5.275999999999999801e+00
5.275999999999999801e+00
5.104000000000000092e+00
5.238000000000000433e+00
4.918000000000000149e+00
4.823999999999999844e+00
4.878000000000000114e+00
4.878000000000000114e+00
4.878000000000000114e+00
4.746000000000000441e+00
4.732000000000000206e+00
5.073999999999999844e+00
5.392000000000000348e+00
5.397999999999999687e+00
5.397999999999999687e+00
5.397999999999999687e+00
5.575999999999999623e+00
5.522000000000000242e+00
5.559999999999999609e+00
5.588000000000000078e+00
5.610000000000000320e+00
5.610000000000000320e+00
5.610000000000000320e+00
5.483999999999999986e+00
5.668000000000000149e+00
5.514000000000000234e+00
5.467999999999999972e+00
5.605999999999999872e+00
5.605999999999999872e+00
5.605999999999999872e+00
5.709999999999999964e+00
5.650000000000000355e+00
5.596000000000000085e+00
5.751999999999999780e+00
5.974000000000000199e+00
5.974000000000000199e+00
5.974000000000000199e+00
5.873999999999999666e+00
5.775999999999999801e+00
5.741999999999999993e+00
6.491999999999999993e+00
6.461999999999999744e+00
6.461999999999999744e+00
6.461999999999999744e+00
6.253999999999999559e+00
6.368000000000000327e+00
6.176000000000000156e+00
6.266000000000000014e+00
6.727999999999999758e+00
6.727999999999999758e+00
6.727999999999999758e+00
6.644000000000000128e+00
6.785999999999999588e+00
6.988000000000000433e+00
6.735999999999999766e+00
6.519999999999999574e+00
6.519999999999999574e+00
6.519999999999999574e+00
6.352000000000000313e+00
6.413999999999999702e+00
6.290000000000000036e+00
6.290000000000000036e+00
6.331999999999999851e+00
6.331999999999999851e+00
6.331999999999999851e+00
6.511999999999999567e+00
6.349999999999999645e+00
6.548000000000000043e+00
6.519999999999999574e+00
6.660000000000000142e+00
6.660000000000000142e+00
6.660000000000000142e+00
6.884000000000000341e+00
6.974000000000000199e+00
6.838000000000000078e+00
6.177999999999999936e+00
6.208000000000000185e+00
6.208000000000000185e+00
6.208000000000000185e+00
6.081999999999999851e+00
5.889999999999999680e+00
5.706000000000000405e+00
5.724000000000000199e+00
5.599999999999999645e+00
5.599999999999999645e+00
5.599999999999999645e+00
5.549999999999999822e+00
5.580000000000000071e+00
5.514000000000000234e+00
5.554000000000000270e+00
5.580000000000000071e+00
5.580000000000000071e+00
5.580000000000000071e+00
5.580000000000000071e+00
5.714000000000000412e+00
5.701999999999999957e+00
5.746000000000000441e+00
5.711999999999999744e+00
5.711999999999999744e+00
5.711999999999999744e+00
5.711999999999999744e+00
5.615999999999999659e+00
5.541999999999999815e+00
5.424000000000000377e+00
5.381999999999999673e+00
5.381999999999999673e+00
5.381999999999999673e+00
5.450000000000000178e+00
5.524000000000000021e+00
5.645999999999999908e+00
5.650000000000000355e+00
4.557999999999999829e+00
4.557999999999999829e+00
4.557999999999999829e+00
4.557999999999999829e+00
5.320000000000000284e+00
5.362000000000000099e+00
5.352000000000000313e+00
5.320000000000000284e+00
5.320000000000000284e+00
5.320000000000000284e+00
5.354000000000000092e+00
5.483999999999999986e+00
5.594000000000000306e+00
5.788000000000000256e+00
5.865999999999999659e+00
5.865999999999999659e+00
5.865999999999999659e+00
5.913999999999999702e+00
5.814000000000000057e+00
5.916000000000000369e+00
6.049999999999999822e+00
6.230000000000000426e+00
6.230000000000000426e+00
6.230000000000000426e+00
6.360000000000000320e+00
6.320000000000000284e+00
6.386000000000000121e+00
6.516000000000000014e+00
6.219999999999999751e+00
6.219999999999999751e+00
6.219999999999999751e+00
6.298000000000000043e+00
6.634000000000000341e+00
6.719999999999999751e+00
6.836000000000000298e+00
6.993999999999999773e+00
6.993999999999999773e+00
6.993999999999999773e+00
6.993999999999999773e+00
6.900000000000000355e+00
6.844000000000000306e+00
6.905999999999999694e+00
6.750000000000000000e+00
6.750000000000000000e+00
6.750000000000000000e+00
6.724000000000000199e+00
6.761999999999999567e+00
6.682000000000000384e+00
6.881999999999999673e+00
6.807999999999999829e+00
6.807999999999999829e+00
6.807999999999999829e+00
6.753999999999999559e+00
6.621999999999999886e+00
6.623999999999999666e+00
6.613999999999999879e+00
6.948000000000000398e+00
6.948000000000000398e+00
6.948000000000000398e+00
7.201999999999999957e+00
7.217999999999999972e+00
7.057999999999999829e+00
7.000000000000000000e+00
7.064000000000000057e+00
7.064000000000000057e+00
7.064000000000000057e+00
6.996000000000000441e+00
6.991999999999999993e+00
7.030000000000000249e+00
6.879999999999999893e+00
6.815999999999999837e+00
6.815999999999999837e+00
6.815999999999999837e+00
7.480000000000000426e+00
7.588000000000000078e+00
7.570000000000000284e+00
7.466000000000000192e+00
7.448000000000000398e+00
7.448000000000000398e+00
7.448000000000000398e+00
7.315999999999999837e+00
7.602000000000000313e+00
7.000000000000000000e+00
6.895999999999999908e+00
6.895999999999999908e+00
6.895999999999999908e+00
6.895999999999999908e+00
6.629999999999999893e+00
6.491999999999999993e+00
6.618000000000000327e+00
6.687999999999999723e+00
6.717999999999999972e+00
6.717999999999999972e+00
6.717999999999999972e+00
6.450000000000000178e+00
6.448000000000000398e+00
6.532000000000000028e+00
6.631999999999999673e+00
6.631999999999999673e+00
6.631999999999999673e+00
6.631999999999999673e+00
6.387999999999999901e+00
6.363999999999999879e+00
6.581999999999999851e+00
6.698000000000000398e+00
6.668000000000000149e+00
6.668000000000000149e+00
6.668000000000000149e+00
6.626000000000000334e+00
6.756000000000000227e+00
6.788000000000000256e+00
6.491999999999999993e+00
6.365999999999999659e+00
6.365999999999999659e+00
6.365999999999999659e+00
6.493999999999999773e+00
6.038000000000000256e+00
6.011999999999999567e+00
6.591999999999999638e+00
6.450000000000000178e+00
6.450000000000000178e+00
6.450000000000000178e+00
6.011999999999999567e+00
5.886000000000000121e+00
5.836000000000000298e+00
5.714000000000000412e+00
5.511999999999999567e+00
5.511999999999999567e+00
5.511999999999999567e+00
5.753999999999999559e+00
6.160000000000000142e+00
6.203999999999999737e+00
6.056000000000000050e+00
5.961999999999999744e+00
5.961999999999999744e+00
5.961999999999999744e+00
5.961999999999999744e+00
6.338000000000000078e+00
6.081999999999999851e+00
5.900000000000000355e+00
5.629999999999999893e+00
5.629999999999999893e+00
5.629999999999999893e+00
5.575999999999999623e+00
5.581999999999999851e+00
5.844000000000000306e+00
5.785999999999999588e+00
6.016000000000000014e+00
6.016000000000000014e+00
6.016000000000000014e+00
5.823999999999999844e+00
5.932000000000000384e+00
5.953999999999999737e+00
5.878000000000000114e+00
5.982000000000000206e+00
5.982000000000000206e+00
5.982000000000000206e+00
6.368000000000000327e+00
6.418000000000000149e+00
6.756000000000000227e+00
6.437999999999999723e+00
6.758000000000000007e+00
6.758000000000000007e+00
6.758000000000000007e+00
6.621999999999999886e+00
6.322000000000000064e+00
6.392000000000000348e+00
6.282000000000000028e+00
6.258000000000000007e+00
6.258000000000000007e+00
6.258000000000000007e+00
6.080000000000000071e+00
6.131999999999999673e+00
6.131999999999999673e+00
6.246000000000000441e+00
6.198000000000000398e+00
6.198000000000000398e+00
6.198000000000000398e+00
6.298000000000000043e+00
6.253999999999999559e+00
6.301999999999999602e+00
6.540000000000000036e+00
6.849999999999999645e+00
6.849999999999999645e+00
6.849999999999999645e+00
7.192000000000000171e+00
6.669999999999999929e+00
6.429999999999999716e+00
6.453999999999999737e+00
6.357999999999999652e+00
6.357999999999999652e+00
6.357999999999999652e+00
6.131999999999999673e+00
5.967999999999999972e+00
5.790000000000000036e+00
5.626000000000000334e+00
5.902000000000000135e+00
5.902000000000000135e+00
5.902000000000000135e+00
5.469999999999999751e+00
5.483999999999999986e+00
5.250000000000000000e+00
5.219999999999999751e+00
5.453999999999999737e+00
5.453999999999999737e+00
5.453999999999999737e+00
5.653999999999999915e+00
6.049999999999999822e+00
5.817999999999999616e+00
5.881999999999999673e+00
5.988000000000000433e+00
5.988000000000000433e+00
5.988000000000000433e+00
6.233999999999999986e+00
5.884000000000000341e+00
5.879999999999999893e+00
6.059999999999999609e+00
6.001999999999999780e+00
6.001999999999999780e+00
6.001999999999999780e+00
5.902000000000000135e+00
5.822000000000000064e+00
5.990000000000000213e+00
6.145999999999999908e+00
5.900000000000000355e+00
5.900000000000000355e+00
5.900000000000000355e+00
5.663999999999999702e+00
5.738000000000000433e+00
5.682000000000000384e+00
5.682000000000000384e+00
5.703999999999999737e+00
5.703999999999999737e+00
5.703999999999999737e+00
5.703999999999999737e+00
5.628000000000000114e+00
5.588000000000000078e+00
5.709999999999999964e+00
5.870000000000000107e+00
5.870000000000000107e+00
5.870000000000000107e+00
5.474000000000000199e+00
5.559999999999999609e+00
5.655999999999999694e+00
5.895999999999999908e+00
6.078000000000000291e+00
6.078000000000000291e+00
6.078000000000000291e+00
6.508000000000000007e+00
6.267999999999999794e+00
6.209999999999999964e+00
6.179999999999999716e+00
6.003999999999999559e+00
6.003999999999999559e+00
6.003999999999999559e+00
6.131999999999999673e+00
5.532000000000000028e+00
5.508000000000000007e+00
5.698000000000000398e+00
5.855999999999999872e+00
5.855999999999999872e+00
5.855999999999999872e+00
5.831999999999999851e+00
5.959999999999999964e+00
5.860000000000000320e+00
5.879999999999999893e+00
5.777999999999999581e+00
5.777999999999999581e+00
5.777999999999999581e+00
5.849999999999999645e+00
5.674000000000000377e+00
5.679999999999999716e+00
5.663999999999999702e+00
5.527999999999999581e+00
5.527999999999999581e+00
5.527999999999999581e+00
5.466000000000000192e+00
5.612000000000000099e+00
5.764000000000000234e+00
5.607999999999999652e+00
5.548000000000000043e+00
5.548000000000000043e+00
5.548000000000000043e+00
5.570000000000000284e+00
5.677999999999999936e+00
5.483999999999999986e+00
5.503999999999999559e+00
5.475999999999999979e+00
5.475999999999999979e+00
5.475999999999999979e+00
5.475999999999999979e+00
5.475999999999999979e+00
5.626000000000000334e+00
5.849999999999999645e+00
5.783999999999999808e+00
5.783999999999999808e+00
5.783999999999999808e+00
6.299999999999999822e+00
6.230000000000000426e+00
6.307999999999999829e+00
6.261999999999999567e+00
6.064000000000000057e+00
6.064000000000000057e+00
6.064000000000000057e+00
6.214000000000000412e+00
6.322000000000000064e+00
6.275999999999999801e+00
6.163999999999999702e+00
6.368000000000000327e+00
6.368000000000000327e+00
6.368000000000000327e+00
6.583999999999999631e+00
6.599999999999999645e+00
6.493999999999999773e+00
6.493999999999999773e+00
6.426000000000000156e+00
6.426000000000000156e+00
6.426000000000000156e+00
6.453999999999999737e+00
6.429999999999999716e+00
6.645999999999999908e+00
6.738000000000000433e+00
6.764000000000000234e+00
6.764000000000000234e+00
6.764000000000000234e+00
6.924000000000000377e+00
6.780000000000000249e+00
6.741999999999999993e+00
6.780000000000000249e+00
6.833999999999999631e+00
6.833999999999999631e+00
6.833999999999999631e+00
6.913999999999999702e+00
7.056000000000000050e+00
7.051999999999999602e+00
6.722000000000000419e+00
6.761999999999999567e+00
6.761999999999999567e+00
6.761999999999999567e+00
6.879999999999999893e+00
6.918000000000000149e+00
6.921999999999999709e+00
6.886000000000000121e+00
6.799999999999999822e+00
6.799999999999999822e+00
6.799999999999999822e+00
6.855999999999999872e+00
6.855999999999999872e+00
6.717999999999999972e+00
6.738000000000000433e+00
6.644000000000000128e+00
6.644000000000000128e+00
6.644000000000000128e+00
6.774000000000000021e+00
6.774000000000000021e+00
7.072000000000000064e+00
6.953999999999999737e+00
6.879999999999999893e+00
6.879999999999999893e+00
6.879999999999999893e+00
6.868000000000000327e+00
6.735999999999999766e+00
6.727999999999999758e+00
6.706000000000000405e+00
6.581999999999999851e+00
6.581999999999999851e+00
6.581999999999999851e+00
6.652000000000000135e+00
6.780000000000000249e+00
6.820000000000000284e+00
6.876000000000000334e+00
6.903999999999999915e+00
6.903999999999999915e+00
6.903999999999999915e+00
6.903999999999999915e+00
7.038000000000000256e+00
7.200000000000000178e+00
7.397999999999999687e+00
7.395999999999999908e+00
7.395999999999999908e+00
7.395999999999999908e+00
7.605999999999999872e+00
7.589999999999999858e+00
7.503999999999999559e+00
7.501999999999999780e+00
7.660000000000000142e+00
7.660000000000000142e+00
7.660000000000000142e+00
7.548000000000000043e+00
7.626000000000000334e+00
7.833999999999999631e+00
7.895999999999999908e+00
7.847999999999999865e+00
7.847999999999999865e+00
7.847999999999999865e+00
7.684000000000000163e+00
7.578000000000000291e+00
7.690000000000000391e+00
7.653999999999999915e+00
7.408000000000000362e+00
7.408000000000000362e+00
7.408000000000000362e+00
7.408000000000000362e+00
7.855999999999999872e+00
7.708000000000000185e+00
7.032000000000000028e+00
7.222000000000000419e+00
7.222000000000000419e+00
7.222000000000000419e+00
6.876000000000000334e+00
6.886000000000000121e+00
7.019999999999999574e+00
6.966000000000000192e+00
6.929999999999999716e+00
6.929999999999999716e+00
6.929999999999999716e+00
7.115999999999999659e+00
7.330000000000000071e+00
7.538000000000000256e+00
7.645999999999999908e+00
7.693999999999999950e+00
7.693999999999999950e+00
7.693999999999999950e+00
7.820000000000000284e+00
7.823999999999999844e+00
7.796000000000000263e+00
7.370000000000000107e+00
7.057999999999999829e+00
7.057999999999999829e+00
7.057999999999999829e+00
7.030000000000000249e+00
7.016000000000000014e+00
7.190000000000000391e+00
7.201999999999999957e+00
7.323999999999999844e+00
7.323999999999999844e+00
7.323999999999999844e+00
7.506000000000000227e+00
7.572000000000000064e+00
7.631999999999999673e+00
7.578000000000000291e+00
7.578000000000000291e+00
7.578000000000000291e+00
7.578000000000000291e+00
8.785999999999999588e+00
8.868000000000000327e+00
8.220000000000000639e+00
8.401999999999999247e+00
8.273999999999999133e+00
8.273999999999999133e+00
8.273999999999999133e+00
8.365999999999999659e+00
8.099999999999999645e+00
8.371999999999999886e+00
8.717999999999999972e+00
8.750000000000000000e+00
8.750000000000000000e+00
8.750000000000000000e+00
8.660000000000000142e+00
9.118000000000000327e+00
9.089999999999999858e+00
9.394000000000000128e+00
9.566000000000000725e+00
9.566000000000000725e+00
9.566000000000000725e+00
1.003800000000000026e+01
1.020199999999999996e+01
1.008600000000000030e+01
1.040000000000000036e+01
1.024000000000000021e+01
1.024000000000000021e+01
1.024000000000000021e+01
1.098799999999999955e+01
1.079800000000000004e+01
1.065600000000000058e+01
1.082199999999999918e+01
1.091000000000000014e+01
1.091000000000000014e+01
1.091000000000000014e+01
1.190000000000000036e+01
1.110200000000000031e+01
1.115799999999999947e+01
1.388000000000000078e+01
1.535200000000000031e+01
1.535200000000000031e+01
1.535200000000000031e+01
1.755999900000000125e+01
1.664800100000000072e+01
1.696799999999999997e+01
1.845000100000000032e+01
1.829999899999999968e+01
1.829999899999999968e+01
1.829999899999999968e+01
1.798800100000000057e+01
1.751800000000000068e+01
1.744800000000000040e+01
1.854599999999999937e+01
1.941600000000000037e+01
1.941600000000000037e+01
1.941600000000000037e+01
1.941600000000000037e+01
2.206599999999999895e+01
2.092600099999999941e+01
2.098999999999999844e+01
1.955199999999999960e+01
1.955199999999999960e+01
1.955199999999999960e+01
1.851800000000000068e+01
1.896799999999999997e+01
1.907399900000000059e+01
1.946999900000000139e+01
2.040800099999999873e+01
2.040800099999999873e+01
2.040800099999999873e+01
2.001000000000000156e+01
1.889399900000000088e+01
1.954599999999999937e+01
1.963599999999999923e+01
2.005999900000000125e+01
2.005999900000000125e+01
2.005999900000000125e+01
2.044000099999999875e+01
2.067799899999999980e+01
2.093600100000000097e+01
2.012999900000000153e+01
1.991000000000000014e+01
1.991000000000000014e+01
1.991000000000000014e+01
2.029799999999999827e+01
2.048000000000000043e+01
2.114399900000000088e+01
2.185000000000000142e+01
2.147200000000000131e+01
2.147200000000000131e+01
2.147200000000000131e+01
2.343600100000000097e+01
2.356399899999999903e+01
2.304799999999999827e+01
2.304799999999999827e+01
2.401800000000000068e+01
2.401800000000000068e+01
2.401800000000000068e+01
2.432200100000000020e+01
2.469000099999999875e+01
2.445400000000000063e+01
2.512199999999999989e+01
2.598000000000000043e+01
2.598000000000000043e+01
2.598000000000000043e+01
2.545200000000000173e+01
2.180999900000000125e+01
2.404999899999999968e+01
2.380600000000000094e+01
2.393600100000000097e+01
2.393600100000000097e+01
2.393600100000000097e+01
2.448600000000000065e+01
2.454799999999999827e+01
2.433999999999999986e+01
2.481399899999999903e+01
2.587800000000000011e+01
2.587800000000000011e+01
2.587800000000000011e+01
2.692399999999999949e+01
2.634799999999999898e+01
2.685600099999999912e+01
2.711000100000000046e+01
2.760000000000000142e+01
2.760000000000000142e+01
2.760000000000000142e+01
2.893600100000000097e+01
2.842999999999999972e+01
2.684600100000000111e+01
3.069599900000000048e+01
3.060000000000000142e+01
3.060000000000000142e+01
3.060000000000000142e+01
2.947599999999999909e+01
2.908599999999999852e+01
2.787199999999999989e+01
2.793400000000000105e+01
2.839999999999999858e+01
2.839999999999999858e+01
2.839999999999999858e+01
2.898000000000000043e+01
2.991600000000000037e+01
2.957200100000000020e+01
3.142000000000000171e+01
3.236800000000000210e+01
3.236800000000000210e+01
3.236800000000000210e+01
3.284400200000000325e+01
3.340200000000000102e+01
3.329000099999999662e+01
3.321200199999999825e+01
3.379999899999999968e+01
3.379999899999999968e+01
3.379999899999999968e+01
3.379999899999999968e+01
3.378799800000000175e+01
3.412400099999999981e+01
3.398599999999999710e+01
3.339400100000000293e+01
3.339400100000000293e+01
3.339400100000000293e+01
3.213999900000000309e+01
3.327399799999999885e+01
3.270399900000000315e+01
3.298599999999999710e+01
3.310800199999999904e+01
3.310800199999999904e+01
3.310800199999999904e+01
3.331600199999999745e+01
3.324599800000000016e+01
3.324399900000000230e+01
3.558400000000000318e+01
3.667800100000000185e+01
3.667800100000000185e+01
3.667800100000000185e+01
3.622200000000000131e+01
3.646600000000000108e+01
3.704800000000000182e+01
3.772800099999999901e+01
3.817999999999999972e+01
3.817999999999999972e+01
3.817999999999999972e+01
3.867399999999999949e+01
3.859999799999999937e+01
3.618999900000000025e+01
3.466199900000000156e+01
3.619599900000000048e+01
3.619599900000000048e+01
3.619599900000000048e+01
3.661399800000000226e+01
3.494599900000000048e+01
3.375600099999999770e+01
3.458599900000000105e+01
3.574000199999999694e+01
3.574000199999999694e+01
3.574000199999999694e+01
3.594400000000000261e+01
3.678799800000000175e+01
3.671200199999999825e+01
3.656000099999999975e+01
3.667999999999999972e+01
3.667999999999999972e+01
3.667999999999999972e+01
3.452000000000000313e+01
3.430799900000000235e+01
3.290000200000000063e+01
3.463000100000000003e+01
3.393199899999999758e+01
3.393199899999999758e+01
3.393199899999999758e+01
3.257199899999999815e+01
3.289400100000000293e+01
3.184400000000000119e+01
3.198800100000000057e+01
3.243399800000000255e+01
3.243399800000000255e+01
3.243399800000000255e+01
3.504000099999999662e+01
3.536200000000000188e+01
3.023199999999999932e+01
2.795400000000000063e+01
2.758999999999999986e+01
2.758999999999999986e+01
2.758999999999999986e+01
2.894000099999999875e+01
2.755999900000000125e+01
2.773999999999999844e+01
2.751999999999999957e+01
2.708999999999999986e+01
2.708999999999999986e+01
2.708999999999999986e+01
2.431599999999999895e+01
2.521799999999999997e+01
2.422200000000000131e+01
2.442000000000000171e+01
2.427599899999999877e+01
2.427599899999999877e+01
2.427599899999999877e+01
2.416799899999999823e+01
2.410000000000000142e+01
2.538800000000000168e+01
2.538800000000000168e+01
2.545599899999999849e+01
2.545599899999999849e+01
2.545599899999999849e+01
2.483399999999999963e+01
2.894000099999999875e+01
2.779000100000000018e+01
2.809600100000000111e+01
2.747200000000000131e+01
2.747200000000000131e+01
2.747200000000000131e+01
2.832000000000000028e+01
2.843799999999999883e+01
2.792999999999999972e+01
2.949399899999999874e+01
2.953000099999999861e+01
2.953000099999999861e+01
2.953000099999999861e+01
2.958799899999999994e+01
3.049200099999999836e+01
2.959600100000000111e+01
2.814399900000000088e+01
2.864800100000000072e+01
2.864800100000000072e+01
2.864800100000000072e+01
2.870999899999999982e+01
3.028200000000000003e+01
3.028200000000000003e+01
3.110000000000000142e+01
3.022400100000000123e+01
3.022400100000000123e+01
3.022400100000000123e+01
3.048800100000000057e+01
3.008599999999999852e+01
3.008599999999999852e+01
3.001999999999999957e+01
2.991200100000000006e+01
2.991200100000000006e+01
2.991200100000000006e+01
2.939999999999999858e+01
2.987199999999999989e+01
3.025600100000000126e+01
2.950600100000000126e+01
2.914399900000000088e+01
2.914399900000000088e+01
2.914399900000000088e+01
2.786799999999999855e+01
3.225400199999999984e+01
3.282600000000000051e+01
3.419400000000000261e+01
3.400199899999999786e+01
3.400199899999999786e+01
3.400199899999999786e+01
3.400199899999999786e+01
3.533599900000000105e+01
3.571200199999999825e+01
3.629999899999999968e+01
3.491999799999999965e+01
3.491999799999999965e+01
3.491999799999999965e+01
3.392399999999999949e+01
3.567599899999999735e+01
3.504600099999999685e+01
3.656800100000000242e+01
3.628200100000000106e+01
3.628200100000000106e+01
3.628200100000000106e+01
3.542200100000000162e+01
3.574599800000000016e+01
3.488399900000000287e+01
3.567599899999999735e+01
3.730599999999999739e+01
3.730599999999999739e+01
3.730599999999999739e+01
3.931199999999999761e+01
3.932400100000000265e+01
3.906399900000000258e+01
3.992599899999999735e+01
3.964600000000000080e+01
3.964600000000000080e+01
3.964600000000000080e+01
3.964600000000000080e+01
4.074000199999999694e+01
3.872800099999999901e+01
4.199399900000000230e+01
4.191999799999999965e+01
4.191999799999999965e+01
4.191999799999999965e+01
4.352999899999999656e+01
4.959999799999999937e+01
5.059999799999999937e+01
5.050799899999999809e+01
4.896200199999999825e+01
4.896200199999999825e+01
4.896200199999999825e+01
5.011200000000000188e+01
5.096799899999999894e+01
5.053200100000000106e+01
5.058800099999999844e+01
4.924200100000000191e+01
4.924200100000000191e+01
4.924200100000000191e+01
4.776800200000000274e+01
4.688199999999999790e+01
4.829800000000000182e+01
4.755799900000000235e+01
4.619400000000000261e+01
4.619400000000000261e+01
4.619400000000000261e+01
4.679600099999999685e+01
4.800799899999999809e+01
4.716799900000000179e+01
4.698199799999999726e+01
4.577799999999999869e+01
4.577799999999999869e+01
4.577799999999999869e+01
4.403399999999999892e+01
4.408800099999999844e+01
4.259199900000000127e+01
4.146400100000000322e+01
4.247399899999999917e+01
4.247399899999999917e+01
4.247399899999999917e+01
4.168999900000000025e+01
4.339400100000000293e+01
4.605799900000000235e+01
4.508000200000000035e+01
4.244599900000000048e+01
4.244599900000000048e+01
4.244599900000000048e+01
4.150400199999999984e+01
4.309199900000000127e+01
4.338600199999999774e+01
4.083800099999999844e+01
4.075600099999999770e+01
4.075600099999999770e+01
4.075600099999999770e+01
3.961800000000000210e+01
3.878200100000000106e+01
3.982199899999999815e+01
3.962400099999999981e+01
3.962400099999999981e+01
3.962400099999999981e+01
3.962400099999999981e+01
4.087599900000000019e+01
4.372800099999999901e+01
4.159799999999999898e+01
4.157199899999999815e+01
3.997000100000000344e+01
3.997000100000000344e+01
3.997000100000000344e+01
3.970199999999999818e+01
4.138399900000000287e+01
4.157799899999999838e+01
4.154600099999999685e+01
4.218199899999999758e+01
4.218199899999999758e+01
4.218199899999999758e+01
4.332199899999999815e+01
4.145600100000000054e+01
4.027000000000000313e+01
3.571799899999999894e+01
3.645199999999999818e+01
3.645199999999999818e+01
3.645199999999999818e+01
3.693399800000000255e+01
3.803200100000000106e+01
3.812400099999999981e+01
3.771799899999999894e+01
3.831199999999999761e+01
3.831199999999999761e+01
3.831199999999999761e+01
3.921799899999999894e+01
3.906000099999999975e+01
3.988999900000000309e+01
4.097600200000000115e+01
4.145999900000000338e+01
4.145999900000000338e+01
4.145999900000000338e+01
4.145999900000000338e+01
4.231199999999999761e+01
4.204800000000000182e+01
4.204800000000000182e+01
4.155400099999999952e+01
4.155400099999999952e+01
4.155400099999999952e+01
4.093999900000000025e+01
4.098799900000000207e+01
4.079800000000000182e+01
4.138000100000000003e+01
4.163399900000000287e+01
4.163399900000000287e+01
4.163399900000000287e+01
4.106199999999999761e+01
4.045999900000000338e+01
4.089400100000000293e+01
4.070399900000000315e+01
4.128399999999999892e+01
4.128399999999999892e+01
4.128399999999999892e+01
4.492200100000000162e+01
4.633400000000000318e+01
4.542399999999999949e+01
4.555799900000000235e+01
4.591799900000000179e+01
4.591799900000000179e+01
4.591799900000000179e+01
4.744400000000000261e+01
4.650000000000000000e+01
4.737799799999999806e+01
4.711999899999999997e+01
4.781199999999999761e+01
4.781199999999999761e+01
4.781199999999999761e+01
4.801200099999999793e+01
4.794400000000000261e+01
4.588600199999999774e+01
4.584999799999999937e+01
4.584999799999999937e+01
4.584999799999999937e+01
4.584999799999999937e+01
4.453200100000000106e+01
4.381399900000000258e+01
4.461200000000000188e+01
4.389199800000000096e+01
4.362599900000000019e+01
4.362599900000000019e+01
4.362599900000000019e+01
4.534000000000000341e+01
4.391599999999999682e+01
4.343199899999999758e+01
4.308000200000000035e+01
4.400400199999999984e+01
4.400400199999999984e+01
4.400400199999999984e+01
4.410800199999999904e+01
4.391599999999999682e+01
4.449800100000000214e+01
4.470799999999999841e+01
4.471400100000000322e+01
4.471400100000000322e+01
4.471400100000000322e+01
4.496400100000000322e+01
4.500199899999999786e+01
4.578399999999999892e+01
4.465999999999999659e+01
4.665399899999999889e+01
4.665399899999999889e+01
4.665399899999999889e+01
4.770399900000000315e+01
4.769800200000000245e+01
4.978599899999999678e+01
5.047800099999999901e+01
4.962599900000000019e+01
4.962599900000000019e+01
4.962599900000000019e+01
5.186399800000000226e+01
5.199200100000000191e+01
5.206199999999999761e+01
5.227600100000000083e+01
5.240200000000000102e+01
5.240200000000000102e+01
5.240200000000000102e+01
5.198799900000000207e+01
5.135200100000000134e+01
5.114199800000000096e+01
5.086800000000000210e+01
5.135599899999999707e+01
5.135599899999999707e+01
5.135599899999999707e+01
5.250999800000000306e+01
5.234799999999999898e+01
5.265000200000000063e+01
5.277199900000000099e+01
5.393999900000000025e+01
5.393999900000000025e+01
5.393999900000000025e+01
5.393999900000000025e+01
5.682400100000000265e+01
5.623799900000000207e+01
5.720799999999999841e+01
5.547800099999999901e+01
5.547800099999999901e+01
5.547800099999999901e+01
5.642200100000000162e+01
5.569599900000000048e+01
5.622000100000000344e+01
5.606199999999999761e+01
5.584000000000000341e+01
5.584000000000000341e+01
5.584000000000000341e+01
5.077199900000000099e+01
5.214799899999999866e+01
5.227600100000000083e+01
5.276400000000000290e+01
5.186399800000000226e+01
5.186399800000000226e+01
5.186399800000000226e+01
5.000600099999999770e+01
5.008200099999999821e+01
5.042800100000000185e+01
4.938999900000000309e+01
4.932000000000000028e+01
4.932000000000000028e+01
4.932000000000000028e+01
4.905199799999999755e+01
4.853599899999999678e+01
4.804800000000000182e+01
5.028399999999999892e+01
5.104200000000000159e+01
5.104200000000000159e+01
5.104200000000000159e+01
5.212400099999999981e+01
5.191400099999999895e+01
5.185599899999999707e+01
5.140200000000000102e+01
4.738199999999999790e+01
4.738199999999999790e+01
4.738199999999999790e+01
4.491799900000000179e+01
4.541199900000000156e+01
4.593999900000000025e+01
4.527000000000000313e+01
4.549599800000000016e+01
4.549599800000000016e+01
4.549599800000000016e+01
4.609400200000000325e+01
4.706800100000000242e+01
4.622000100000000344e+01
4.705799900000000235e+01
4.704800000000000182e+01
4.704800000000000182e+01
4.704800000000000182e+01
4.433400000000000318e+01
4.855400099999999952e+01
4.761999899999999997e+01
4.773199799999999726e+01
4.834000000000000341e+01
4.834000000000000341e+01
4.834000000000000341e+01
4.851800200000000274e+01
4.778599899999999678e+01
4.619400000000000261e+01
4.824399900000000230e+01
4.804000099999999662e+01
4.804000099999999662e+01
4.804000099999999662e+01
4.838600199999999774e+01
5.021600000000000108e+01
4.982000000000000028e+01
5.034000000000000341e+01
5.173599999999999710e+01
5.173599999999999710e+01
5.173599999999999710e+01
5.079600099999999685e+01
5.154000099999999662e+01
4.954800000000000182e+01
4.974200100000000191e+01
4.855599999999999739e+01
4.855599999999999739e+01
4.855599999999999739e+01
4.934400200000000325e+01
4.961800000000000210e+01
4.968800000000000239e+01
4.968800000000000239e+01
4.890399899999999889e+01
4.890399899999999889e+01
4.890399899999999889e+01
4.632799899999999838e+01
4.628599899999999678e+01
4.586000099999999691e+01
4.565599799999999675e+01
4.474200100000000191e+01
4.474200100000000191e+01
4.474200100000000191e+01
4.287200200000000194e+01
4.337799799999999806e+01
4.196799899999999894e+01
4.177600100000000083e+01
4.140000200000000063e+01
4.140000200000000063e+01
4.140000200000000063e+01
4.080799900000000235e+01
3.956199999999999761e+01
4.116400099999999895e+01
4.365200000000000102e+01
4.385800199999999904e+01
4.385800199999999904e+01
4.385800199999999904e+01
4.452000000000000313e+01
4.419400000000000261e+01
4.445199999999999818e+01
4.445199999999999818e+01
4.556399900000000258e+01
4.556399900000000258e+01
4.556399900000000258e+01
4.514199800000000096e+01
4.444599900000000048e+01
4.448199799999999726e+01
4.448199799999999726e+01
4.386200000000000188e+01
4.386200000000000188e+01
4.386200000000000188e+01
4.201800200000000274e+01
4.225600099999999770e+01
4.218999900000000025e+01
4.212400099999999981e+01
4.133200099999999821e+01
4.133200099999999821e+01
4.133200099999999821e+01
4.044200099999999765e+01
4.084999799999999937e+01
3.853799800000000175e+01
3.837400099999999981e+01
3.861399800000000226e+01
3.861399800000000226e+01
3.861399800000000226e+01
3.861399800000000226e+01
3.838600199999999774e+01
3.931399900000000258e+01
4.032400100000000265e+01
4.025799899999999809e+01
4.025799899999999809e+01
4.025799899999999809e+01
4.131000099999999975e+01
4.119599900000000048e+01
3.987400099999999981e+01
4.104000099999999662e+01
4.072000100000000344e+01
4.072000100000000344e+01
4.072000100000000344e+01
4.218800000000000239e+01
4.367200100000000162e+01
4.370999900000000338e+01
4.419800200000000245e+01
4.347200000000000131e+01
4.347200000000000131e+01
4.347200000000000131e+01
4.349599800000000016e+01
4.325799899999999809e+01
4.256000099999999975e+01
4.057600000000000051e+01
4.075400199999999984e+01
4.075400199999999984e+01
4.075400199999999984e+01
4.075400199999999984e+01
4.086999899999999997e+01
4.089199800000000096e+01
4.234199900000000127e+01
4.342200100000000162e+01
4.342200100000000162e+01
4.342200100000000162e+01
4.146799899999999894e+01
4.082199899999999815e+01
4.075199899999999786e+01
4.143800000000000239e+01
4.066799900000000179e+01
4.066799900000000179e+01
4.066799900000000179e+01
3.946600000000000108e+01
3.991199900000000156e+01
4.048799900000000207e+01
4.012599900000000019e+01
3.877600100000000083e+01
3.877600100000000083e+01
3.877600100000000083e+01
3.817599899999999735e+01
3.806399900000000258e+01
3.874800100000000214e+01
3.821400100000000322e+01
3.773599999999999710e+01
3.773599999999999710e+01
3.773599999999999710e+01
3.913999900000000309e+01
3.894599900000000048e+01
4.014199800000000096e+01
3.913000100000000003e+01
3.961600099999999713e+01
3.961600099999999713e+01
3.961600099999999713e+01
3.992599899999999735e+01
4.034400200000000325e+01
3.886000099999999691e+01
3.808200099999999821e+01
3.700000000000000000e+01
3.700000000000000000e+01
3.700000000000000000e+01
3.811399800000000226e+01
3.775400199999999984e+01
3.751800200000000274e+01
3.820000100000000032e+01
3.820000100000000032e+01
3.820000100000000032e+01
3.820000100000000032e+01
4.061999899999999997e+01
4.065000200000000063e+01
4.153399999999999892e+01
4.201800200000000274e+01
4.217999999999999972e+01
4.217999999999999972e+01
4.217999999999999972e+01
4.195600100000000054e+01
4.149200100000000191e+01
4.156600199999999745e+01
4.134000000000000341e+01
4.135800199999999904e+01
4.135800199999999904e+01
4.135800199999999904e+01
4.105400099999999952e+01
4.188199999999999790e+01
4.388799999999999812e+01
4.372000100000000344e+01
4.368600099999999742e+01
4.368600099999999742e+01
4.368600099999999742e+01
4.631000099999999975e+01
4.609600100000000111e+01
4.649000199999999694e+01
4.520999900000000338e+01
4.520600100000000054e+01
4.520600100000000054e+01
4.520600100000000054e+01
4.610200100000000134e+01
4.659000000000000341e+01
4.608599900000000105e+01
4.736000099999999691e+01
4.732199899999999815e+01
4.732199899999999815e+01
4.732199899999999815e+01
4.789799899999999866e+01
4.894800200000000245e+01
4.863600199999999774e+01
4.882000000000000028e+01
4.976800200000000274e+01
4.976800200000000274e+01
4.976800200000000274e+01
4.975000000000000000e+01
4.942800100000000185e+01
4.886999899999999997e+01
4.912400099999999981e+01
4.954600099999999685e+01
4.954600099999999685e+01
4.954600099999999685e+01
4.954600099999999685e+01
4.949200100000000191e+01
4.948599999999999710e+01
5.029000099999999662e+01
5.015999999999999659e+01
5.015999999999999659e+01
5.015999999999999659e+01
4.988999900000000309e+01
4.966999799999999965e+01
4.979800000000000182e+01
4.918399800000000255e+01
4.982799899999999838e+01
4.982799899999999838e+01
4.982799899999999838e+01
5.125799899999999809e+01
5.120000100000000032e+01
5.013999900000000309e+01
5.028200100000000106e+01
5.013799999999999812e+01
5.013799999999999812e+01
5.013799999999999812e+01
5.007600000000000051e+01
5.062400099999999981e+01
5.208200099999999821e+01
5.237799799999999806e+01
5.250199899999999786e+01
5.250199899999999786e+01
5.250199899999999786e+01
5.195799999999999841e+01
5.353399999999999892e+01
5.303399999999999892e+01
5.375799899999999809e+01
5.341799900000000179e+01
5.341799900000000179e+01
5.341799900000000179e+01
5.240399899999999889e+01
5.365200000000000102e+01
5.383000200000000035e+01
5.600400199999999984e+01
5.600400199999999984e+01
5.600400199999999984e+01
5.600400199999999984e+01
5.594400000000000261e+01
5.357600000000000051e+01
5.099200100000000191e+01
5.158400000000000318e+01
5.183000200000000035e+01
5.183000200000000035e+01
5.183000200000000035e+01
5.243199899999999758e+01
5.313000100000000003e+01
5.262799799999999806e+01
5.333599900000000105e+01
5.493199899999999758e+01
5.493199899999999758e+01
5.493199899999999758e+01
5.645199999999999818e+01
5.335399999999999920e+01
5.357400100000000265e+01
5.343999900000000025e+01
5.308200099999999821e+01
5.308200099999999821e+01
5.308200099999999821e+01
5.060200100000000134e+01
5.296400100000000322e+01
5.276400000000000290e+01
5.335800199999999904e+01
5.322999999999999687e+01
5.322999999999999687e+01
5.322999999999999687e+01
5.199800100000000214e+01
5.325600099999999770e+01
5.402600100000000083e+01
4.922600200000000115e+01
4.850199899999999786e+01
4.850199899999999786e+01
4.850199899999999786e+01
4.822800099999999901e+01
4.747399899999999917e+01
4.763399900000000287e+01
4.850199899999999786e+01
4.863000100000000003e+01
4.863000100000000003e+01
4.863000100000000003e+01
5.099800100000000214e+01
5.214400100000000293e+01
5.104999899999999968e+01
4.843600099999999742e+01
4.615399899999999889e+01
4.615399899999999889e+01
4.615399899999999889e+01
4.377399799999999885e+01
4.400600099999999770e+01
4.496799899999999894e+01
4.859799999999999898e+01
4.969599900000000048e+01
4.969599900000000048e+01
4.969599900000000048e+01
4.981199999999999761e+01
4.772600200000000115e+01
4.953799800000000175e+01
4.911399800000000226e+01
4.838600199999999774e+01
4.838600199999999774e+01
4.838600199999999774e+01
4.838600199999999774e+01
4.963399900000000287e+01
4.978200100000000106e+01
4.969599900000000048e+01
5.004800000000000182e+01
5.004800000000000182e+01
5.004800000000000182e+01
5.063799999999999812e+01
5.071400100000000322e+01
5.245000100000000032e+01
5.241400099999999895e+01
5.212400099999999981e+01
5.212400099999999981e+01
5.212400099999999981e+01
5.284000000000000341e+01
5.218800000000000239e+01
5.221200199999999825e+01
5.262400099999999981e+01
5.138199999999999790e+01
5.138199999999999790e+01
5.138199999999999790e+01
4.968600099999999742e+01
4.933000200000000035e+01
4.967999999999999972e+01
4.797600200000000115e+01
4.951400000000000290e+01
4.951400000000000290e+01
4.951400000000000290e+01
4.922999999999999687e+01
4.829200000000000159e+01
4.639199800000000096e+01
4.534400200000000325e+01
4.413799999999999812e+01
4.413799999999999812e+01
4.413799999999999812e+01
4.311600099999999713e+01
4.384999799999999937e+01
4.337599900000000019e+01
4.426200099999999793e+01
4.540200000000000102e+01
4.540200000000000102e+01
4.540200000000000102e+01
4.561999899999999997e+01
4.260599899999999707e+01
4.201800200000000274e+01
4.234400200000000325e+01
4.181800100000000242e+01
4.181800100000000242e+01
4.181800100000000242e+01
4.305199799999999755e+01
4.207000000000000028e+01
4.259199900000000127e+01
4.232600000000000051e+01
4.138600199999999774e+01
4.138600199999999774e+01
4.138600199999999774e+01
4.275799899999999809e+01
4.166999799999999965e+01
4.632600000000000051e+01
4.635399999999999920e+01
4.647200000000000131e+01
4.647200000000000131e+01
4.647200000000000131e+01
4.506600199999999745e+01
4.329999899999999968e+01
4.381600199999999745e+01
4.258800099999999844e+01
4.143800000000000239e+01
4.143800000000000239e+01
4.143800000000000239e+01
4.286200000000000188e+01
4.279999899999999968e+01
4.421400100000000322e+01
4.436000099999999691e+01
4.400199899999999786e+01
4.400199899999999786e+01
4.400199899999999786e+01
4.354999899999999968e+01
4.365000200000000063e+01
4.592800100000000185e+01
4.592800100000000185e+01
4.632199899999999815e+01
4.632199899999999815e+01
4.632199899999999815e+01
4.605199799999999755e+01
4.743800000000000239e+01
4.639799899999999866e+01
4.654200000000000159e+01
4.607600000000000051e+01
4.607600000000000051e+01
4.607600000000000051e+01
4.622600200000000115e+01
4.534400200000000325e+01
4.490399899999999889e+01
4.541400099999999895e+01
4.340399899999999889e+01
4.340399899999999889e+01
4.340399899999999889e+01
4.371600000000000108e+01
4.421799899999999894e+01
4.690200000000000102e+01
4.667800100000000185e+01
4.609199900000000127e+01
4.609199900000000127e+01
4.609199900000000127e+01
4.651200099999999793e+01
4.599000199999999694e+01
4.593999900000000025e+01
4.611399800000000226e+01
4.611399800000000226e+01
4.611399800000000226e+01
4.611399800000000226e+01
4.579000099999999662e+01
4.743800000000000239e+01
4.761800000000000210e+01
4.800199899999999786e+01
4.800199899999999786e+01
4.800199899999999786e+01
4.800199899999999786e+01
4.468199899999999758e+01
4.468600099999999742e+01
4.380799900000000235e+01
4.313000100000000003e+01
4.220000100000000032e+01
4.220000100000000032e+01
4.220000100000000032e+01
4.157000000000000028e+01
4.199399900000000230e+01
4.006199999999999761e+01
4.123599999999999710e+01
4.099800100000000214e+01
4.099800100000000214e+01
4.099800100000000214e+01
4.099800100000000214e+01
4.094400000000000261e+01
3.974000199999999694e+01
3.999399900000000230e+01
4.050999800000000306e+01
4.050999800000000306e+01
4.050999800000000306e+01
3.927600100000000083e+01
3.871200199999999825e+01
3.761399800000000226e+01
3.793999900000000025e+01
3.824000199999999694e+01
3.824000199999999694e+01
3.824000199999999694e+01
3.938799999999999812e+01
3.655599999999999739e+01
3.469599900000000048e+01
3.506600199999999745e+01
3.252000000000000313e+01
3.252000000000000313e+01
3.252000000000000313e+01
2.959799999999999898e+01
2.964999999999999858e+01
2.873399900000000073e+01
3.009400000000000119e+01
3.020799999999999841e+01
3.020799999999999841e+01
3.020799999999999841e+01
3.020799999999999841e+01
3.103399999999999892e+01
3.373599999999999710e+01
3.335399999999999920e+01
3.331600199999999745e+01
3.331600199999999745e+01
3.331600199999999745e+01
3.554800000000000182e+01
3.544200099999999765e+01
3.579999899999999968e+01
3.748599999999999710e+01
3.806800100000000242e+01
3.806800100000000242e+01
3.806800100000000242e+01
3.838600199999999774e+01
3.727000000000000313e+01
3.766799900000000179e+01
3.914799899999999866e+01
4.020799999999999841e+01
4.020799999999999841e+01
4.020799999999999841e+01
4.105799900000000235e+01
4.052000000000000313e+01
4.174399900000000230e+01
4.103599899999999678e+01
4.150000000000000000e+01
4.150000000000000000e+01
4.150000000000000000e+01
4.302999899999999656e+01
4.366799900000000179e+01
4.438600199999999774e+01
4.527600100000000083e+01
4.654800000000000182e+01
4.654800000000000182e+01
4.654800000000000182e+01
4.766400099999999895e+01
4.684799999999999898e+01
4.451599900000000076e+01
4.554999899999999968e+01
4.554999899999999968e+01
4.554999899999999968e+01
4.554999899999999968e+01
4.605199799999999755e+01
4.602600100000000083e+01
4.537799799999999806e+01
4.595399900000000315e+01
4.751800200000000274e+01
4.751800200000000274e+01
4.751800200000000274e+01
4.939799899999999866e+01
5.109400200000000325e+01
5.308400000000000318e+01
5.143999900000000025e+01
5.001400000000000290e+01
5.001400000000000290e+01
5.001400000000000290e+01
4.998400099999999924e+01
4.956399900000000258e+01
5.090599799999999675e+01
5.037200200000000194e+01
5.090200000000000102e+01
5.090200000000000102e+01
5.090200000000000102e+01
5.077600100000000083e+01
4.947399899999999917e+01
4.999399900000000230e+01
4.965800099999999873e+01
5.075000000000000000e+01
5.075000000000000000e+01
5.075000000000000000e+01
5.036399800000000226e+01
5.074800100000000214e+01
5.029399899999999946e+01
4.954200000000000159e+01
4.815200000000000102e+01
4.815200000000000102e+01
4.815200000000000102e+01
4.836000099999999691e+01
4.646400100000000322e+01
4.451200099999999793e+01
4.230599999999999739e+01
4.298599999999999710e+01
4.298599999999999710e+01
4.298599999999999710e+01
4.178399999999999892e+01
4.173799900000000207e+01
4.179200000000000159e+01
4.145600100000000054e+01
4.152199900000000099e+01
4.152199900000000099e+01
4.152199900000000099e+01
4.165800099999999873e+01
4.093199899999999758e+01
4.223400099999999924e+01
4.304200000000000159e+01
4.405599999999999739e+01
4.405599999999999739e+01
4.405599999999999739e+01
4.324399900000000230e+01
4.358200099999999821e+01
4.391599999999999682e+01
4.502399799999999885e+01
4.460800199999999904e+01
4.460800199999999904e+01
4.460800199999999904e+01
4.460800199999999904e+01
4.464600000000000080e+01
4.391199900000000156e+01
4.379200000000000159e+01
4.379800000000000182e+01
4.379800000000000182e+01
4.379800000000000182e+01
4.413600199999999774e+01
4.646799899999999894e+01
4.710399999999999920e+01
4.587200200000000194e+01
4.375799899999999809e+01
4.375799899999999809e+01
4.375799899999999809e+01
4.357400100000000265e+01
4.299200100000000191e+01
4.354000099999999662e+01
4.358599900000000105e+01
4.309400200000000325e+01
4.309400200000000325e+01
4.309400200000000325e+01
4.393999900000000025e+01
4.392200100000000162e+01
3.933200099999999821e+01
3.927999899999999656e+01
3.863000100000000003e+01
3.863000100000000003e+01
3.863000100000000003e+01
3.970999900000000338e+01
4.035800199999999904e+01
4.203799800000000175e+01
4.245600100000000054e+01
4.329999899999999968e+01
4.329999899999999968e+01
4.329999899999999968e+01
4.329999899999999968e+01
4.279600099999999685e+01
4.288799999999999812e+01
4.318800000000000239e+01
4.335599899999999707e+01
4.335599899999999707e+01
4.335599899999999707e+01
4.495600100000000054e+01
4.492999999999999972e+01
4.450600099999999770e+01
4.430599999999999739e+01
4.408000200000000035e+01
4.408000200000000035e+01
4.408000200000000035e+01
4.525000000000000000e+01
4.505199799999999755e+01
4.567200100000000162e+01
4.409999799999999937e+01
4.445399900000000315e+01
4.445399900000000315e+01
4.445399900000000315e+01
4.600199899999999786e+01
4.590200000000000102e+01
4.569800200000000245e+01
4.612200200000000194e+01
4.695799999999999841e+01
4.695799999999999841e+01
4.695799999999999841e+01
4.600199899999999786e+01
4.543999900000000025e+01
4.515800099999999873e+01
4.612200200000000194e+01
4.600600099999999770e+01
4.600600099999999770e+01
4.600600099999999770e+01
4.523199799999999726e+01
4.581600199999999745e+01
4.513000100000000003e+01
4.498199799999999726e+01
4.512200200000000194e+01
4.512200200000000194e+01
4.512200200000000194e+01
4.511800000000000210e+01
4.472200000000000131e+01
4.464799899999999866e+01
4.470199999999999818e+01
4.500000000000000000e+01
4.500000000000000000e+01
4.500000000000000000e+01
4.458599900000000105e+01
4.496799899999999894e+01
4.452399799999999885e+01
4.419200099999999765e+01
4.399800100000000214e+01
4.399800100000000214e+01
4.399800100000000214e+01
4.304000099999999662e+01
4.226800200000000274e+01
4.240200000000000102e+01
4.015399899999999889e+01
3.955599999999999739e+01
3.955599999999999739e+01
3.955599999999999739e+01
3.955599999999999739e+01
4.056600199999999745e+01
4.034199900000000127e+01
3.947200000000000131e+01
3.889400100000000293e+01
3.889400100000000293e+01
3.889400100000000293e+01
3.965999999999999659e+01
3.920999900000000338e+01
3.928200100000000106e+01
4.008400000000000318e+01
4.108000200000000035e+01
4.108000200000000035e+01
4.108000200000000035e+01
4.126800200000000274e+01
4.092800100000000185e+01
4.104399899999999946e+01
4.128599899999999678e+01
4.149000199999999694e+01
4.149000199999999694e+01
4.149000199999999694e+01
4.179800000000000182e+01
4.116199900000000156e+01
4.125400199999999984e+01
4.013999900000000309e+01
4.080599999999999739e+01
4.080599999999999739e+01
4.080599999999999739e+01
4.274000199999999694e+01
4.228200100000000106e+01
4.169200099999999765e+01
4.020000100000000032e+01
3.932199899999999815e+01
3.932199899999999815e+01
3.932199899999999815e+01
4.018999900000000025e+01
4.002000000000000313e+01
4.030199799999999755e+01
4.004800000000000182e+01
3.930199799999999755e+01
3.930199799999999755e+01
3.930199799999999755e+01
3.879200000000000159e+01
3.982000000000000028e+01
4.071200199999999825e+01
3.982000000000000028e+01
4.001800200000000274e+01
4.001800200000000274e+01
4.001800200000000274e+01
4.055199799999999755e+01
4.046799899999999894e+01
4.044800200000000245e+01
4.080199799999999755e+01
3.999399900000000230e+01
3.999399900000000230e+01
3.999399900000000230e+01
3.954600099999999685e+01
3.815800099999999873e+01
3.760399999999999920e+01
3.748400099999999924e+01
3.811200000000000188e+01
3.811200000000000188e+01
3.811200000000000188e+01
3.864199800000000096e+01
3.898799900000000207e+01
3.801200099999999793e+01
3.707000000000000028e+01
3.771200199999999825e+01
3.771200199999999825e+01
3.771200199999999825e+01
3.629000099999999662e+01
3.675400199999999984e+01
3.678599899999999678e+01
3.773199799999999726e+01
3.700400199999999984e+01
3.700400199999999984e+01
3.700400199999999984e+01
3.690399899999999889e+01
3.823400099999999924e+01
3.862799799999999806e+01
3.862799799999999806e+01
3.933000200000000035e+01
3.933000200000000035e+01
3.933000200000000035e+01
3.922399899999999917e+01
3.791400099999999895e+01
3.788000100000000003e+01
3.637599900000000019e+01
3.629399899999999946e+01
3.629399899999999946e+01
3.629399899999999946e+01
3.736000099999999691e+01
3.716999799999999965e+01
3.863000100000000003e+01
3.845799999999999841e+01
3.843600099999999742e+01
3.843600099999999742e+01
3.843600099999999742e+01
3.848599999999999710e+01
3.963000100000000003e+01
3.973799900000000207e+01
3.951599900000000076e+01
4.049800100000000214e+01
4.049800100000000214e+01
4.049800100000000214e+01
4.054600099999999685e+01
4.175799899999999809e+01
4.154000099999999662e+01
4.168999900000000025e+01
4.266799900000000179e+01
4.266799900000000179e+01
4.266799900000000179e+01
4.266799900000000179e+01
4.390599799999999675e+01
4.394800200000000245e+01
4.293600099999999742e+01
4.273799900000000207e+01
4.273799900000000207e+01
4.273799900000000207e+01
4.273799900000000207e+01
4.339799899999999866e+01
4.539799899999999866e+01
4.534999799999999937e+01
4.580199799999999755e+01
4.580199799999999755e+01
4.580199799999999755e+01
4.625600099999999770e+01
4.597399899999999917e+01
4.594599900000000048e+01
4.591799900000000179e+01
4.754999899999999968e+01
4.754999899999999968e+01
4.754999899999999968e+01
4.754999899999999968e+01
4.711600099999999713e+01
4.767200100000000162e+01
4.875199899999999786e+01
4.894599900000000048e+01
4.894599900000000048e+01
4.894599900000000048e+01
4.978399999999999892e+01
5.092200100000000162e+01
5.089400100000000293e+01
5.050199899999999786e+01
5.059000000000000341e+01
5.059000000000000341e+01
5.059000000000000341e+01
5.012599900000000019e+01
5.038600199999999774e+01
4.984799999999999898e+01
5.031000099999999975e+01
5.026599900000000076e+01
5.026599900000000076e+01
5.026599900000000076e+01
5.155400099999999952e+01
5.149599800000000016e+01
5.241599999999999682e+01
5.384000000000000341e+01
5.384600100000000111e+01
5.384600100000000111e+01
5.384600100000000111e+01
5.611999899999999997e+01
5.619599900000000048e+01
5.595199999999999818e+01
5.379000099999999662e+01
5.444599900000000048e+01
5.444599900000000048e+01
5.444599900000000048e+01
5.444599900000000048e+01
5.547800099999999901e+01
5.470199999999999818e+01
5.119800200000000245e+01
5.140000200000000063e+01
5.140000200000000063e+01
5.140000200000000063e+01
4.924599800000000016e+01
4.999800100000000214e+01
5.000400199999999984e+01
5.009600100000000111e+01
5.031399900000000258e+01
5.031399900000000258e+01
5.031399900000000258e+01
5.024200100000000191e+01
4.971799899999999894e+01
4.937400099999999981e+01
4.897999999999999687e+01
4.873799900000000207e+01
4.873799900000000207e+01
4.873799900000000207e+01
4.923400099999999924e+01
5.159999799999999937e+01
5.114600000000000080e+01
5.240999999999999659e+01
5.229999899999999968e+01
5.229999899999999968e+01
5.229999899999999968e+01
5.238399900000000287e+01
5.013600199999999774e+01
5.100199899999999786e+01
5.095600100000000054e+01
5.263199999999999790e+01
5.263199999999999790e+01
5.263199999999999790e+01
5.404399899999999946e+01
5.549000199999999694e+01
5.547600200000000115e+01
5.558400000000000318e+01
5.565999999999999659e+01
5.565999999999999659e+01
5.565999999999999659e+01
5.970399900000000315e+01
6.074000199999999694e+01
5.900000000000000000e+01
5.974000199999999694e+01
6.050799899999999809e+01
6.050799899999999809e+01
6.050799899999999809e+01
6.247800099999999901e+01
6.174200100000000191e+01
5.936800000000000210e+01
6.079999899999999968e+01
6.079999899999999968e+01
6.079999899999999968e+01
6.079999899999999968e+01
6.028799800000000175e+01
6.004999899999999968e+01
6.110399999999999920e+01
6.050199899999999786e+01
6.111999899999999997e+01
6.111999899999999997e+01
6.111999899999999997e+01
6.160599899999999707e+01
6.275799899999999809e+01
6.203399999999999892e+01
6.172600200000000115e+01
6.281399900000000258e+01
6.281399900000000258e+01
6.281399900000000258e+01
6.456600199999999745e+01
6.377799999999999869e+01
6.220399900000000315e+01
5.909199900000000127e+01
6.166999799999999965e+01
6.166999799999999965e+01
6.166999799999999965e+01
6.143800000000000239e+01
6.425199899999999786e+01
6.504399899999999946e+01
6.462000299999999697e+01
6.496199799999999414e+01
6.496199799999999414e+01
6.496199799999999414e+01
6.317599899999999735e+01
6.340200000000000102e+01
6.122200000000000131e+01
6.261200000000000188e+01
6.216599999999999682e+01
6.216599999999999682e+01
6.216599999999999682e+01
6.207000000000000028e+01
6.077199900000000099e+01
6.204399899999999946e+01
6.336600099999999713e+01
6.502800000000000580e+01
6.502800000000000580e+01
6.502800000000000580e+01
6.502800000000000580e+01
6.701999700000000360e+01
6.820200300000000482e+01
6.807399700000000564e+01
6.797000099999999634e+01
6.797000099999999634e+01
6.797000099999999634e+01
6.946399700000000621e+01
7.056999999999999318e+01
7.193000000000000682e+01
7.400000000000000000e+01
7.146399700000000621e+01
7.146399700000000621e+01
7.146399700000000621e+01
7.180200200000000166e+01
7.519000200000000689e+01
7.613200399999999490e+01
7.506800099999999532e+01
7.427999900000000366e+01
7.427999900000000366e+01
7.427999900000000366e+01
7.395999899999999627e+01
7.444799799999999834e+01
7.527999900000000366e+01
7.652200299999999800e+01
7.669000200000000689e+01
7.669000200000000689e+01
7.669000200000000689e+01
7.549800100000000214e+01
7.247399900000000628e+01
7.424800100000000214e+01
7.215000200000000063e+01
7.232199900000000525e+01
7.232199900000000525e+01
7.232199900000000525e+01
7.052400199999999586e+01
7.052400199999999586e+01
6.541799899999999468e+01
6.176599900000000076e+01
6.264400100000000293e+01
6.264400100000000293e+01
6.264400100000000293e+01
6.320999900000000338e+01
6.544400000000000261e+01
6.590399899999999889e+01
6.468199900000000468e+01
6.555599999999999739e+01
6.555599999999999739e+01
6.555599999999999739e+01
6.391400099999999895e+01
6.564800300000000277e+01
6.505200200000000166e+01
6.598400100000000634e+01
6.568000000000000682e+01
6.568000000000000682e+01
6.568000000000000682e+01
6.850399799999999573e+01
6.791999800000000675e+01
6.876999700000000360e+01
6.689199800000000096e+01
6.701399999999999579e+01
6.701399999999999579e+01
6.701399999999999579e+01
6.469400000000000261e+01
6.391400099999999895e+01
6.517800099999999475e+01
6.941799899999999468e+01
7.138200399999999490e+01
7.138200399999999490e+01
7.138200399999999490e+01
7.103399699999999939e+01
7.304399899999999946e+01
7.270600100000000054e+01
7.108000199999999325e+01
7.157399700000000564e+01
7.157399700000000564e+01
7.157399700000000564e+01
7.276000200000000007e+01
7.246600300000000061e+01
7.258200100000000532e+01
7.038400300000000698e+01
6.949199699999999780e+01
6.949199699999999780e+01
6.949199699999999780e+01
6.757199900000000525e+01
6.826999700000000360e+01
7.055400099999999952e+01
7.058599900000000105e+01
6.961000099999999691e+01
6.961000099999999691e+01
6.961000099999999691e+01
6.913200399999999490e+01
6.947199999999999420e+01
7.063600200000000484e+01
7.118000000000000682e+01
7.108000199999999325e+01
7.108000199999999325e+01
7.108000199999999325e+01
7.108000199999999325e+01
6.991799899999999468e+01
6.890599799999999675e+01
7.012200199999999484e+01
6.868000000000000682e+01
6.868000000000000682e+01
6.868000000000000682e+01
7.273799900000000207e+01
7.255000300000000379e+01
7.324600200000000427e+01
7.552800000000000580e+01
7.596199799999999414e+01
7.596199799999999414e+01
7.596199799999999414e+01
7.700000000000000000e+01
7.501999700000000360e+01
7.478199800000000153e+01
7.329599799999999732e+01
7.021800199999999847e+01
7.021800199999999847e+01
7.021800199999999847e+01
6.899800100000000214e+01
6.905000300000000379e+01
6.819400000000000261e+01
6.791999800000000675e+01
6.822000099999999634e+01
6.822000099999999634e+01
6.822000099999999634e+01
6.830599999999999739e+01
6.962799800000000516e+01
7.100199899999999786e+01
7.106600199999999745e+01
7.137599899999999309e+01
7.137599899999999309e+01
7.137599899999999309e+01
6.858799700000000144e+01
7.111799600000000510e+01
7.091999800000000675e+01
7.113600200000000484e+01
7.111399799999999516e+01
7.111399799999999516e+01
7.111399799999999516e+01
7.012000299999999697e+01
7.115000200000000063e+01
7.193000000000000682e+01
7.036199999999999477e+01
6.901999700000000360e+01
6.901999700000000360e+01
6.901999700000000360e+01
6.740399899999999889e+01
6.746800199999999847e+01
6.516799899999999468e+01
6.523400100000000634e+01
6.417400399999999649e+01
6.417400399999999649e+01
6.417400399999999649e+01
6.401599899999999366e+01
6.630599999999999739e+01
6.421600300000000061e+01
5.985200100000000134e+01
6.121799899999999894e+01
6.121799899999999894e+01
6.121799899999999894e+01
6.055599999999999739e+01
6.120999900000000338e+01
6.087799799999999806e+01
6.059799999999999898e+01
6.059799999999999898e+01
6.059799999999999898e+01
6.059799999999999898e+01
6.308000200000000035e+01
6.174000199999999694e+01
6.225999800000000306e+01
6.250000000000000000e+01
6.300999800000000306e+01
6.300999800000000306e+01
6.300999800000000306e+01
6.174800100000000214e+01
6.356199999999999761e+01
6.252000000000000313e+01
6.252000000000000313e+01
6.311000099999999691e+01
6.311000099999999691e+01
6.311000099999999691e+01
6.336200000000000188e+01
6.350999800000000306e+01
6.150799899999999809e+01
6.177000000000000313e+01
6.130599999999999739e+01
6.130599999999999739e+01
6.130599999999999739e+01
6.104000099999999662e+01
6.074000199999999694e+01
6.265200000000000102e+01
6.224800100000000214e+01
6.302600100000000083e+01
6.302600100000000083e+01
6.302600100000000083e+01
6.578199800000000153e+01
6.820600100000000054e+01
6.780599999999999739e+01
6.757800299999999538e+01
6.869000200000000689e+01
6.869000200000000689e+01
6.869000200000000689e+01
6.777400199999999586e+01
6.622000099999999634e+01
6.579599799999999732e+01
6.633200100000000532e+01
6.504000100000000373e+01
6.504000100000000373e+01
6.504000100000000373e+01
6.504000100000000373e+01
6.345799999999999841e+01
6.232799899999999838e+01
6.307199899999999815e+01
6.227000000000000313e+01
6.227000000000000313e+01
6.227000000000000313e+01
6.227000000000000313e+01
6.410600300000000118e+01
6.345000100000000032e+01
6.292399999999999949e+01
6.331600199999999745e+01
6.331600199999999745e+01
6.331600199999999745e+01
6.728199800000000153e+01
6.673799900000000207e+01
6.695999899999999627e+01
6.758999599999999930e+01
6.724400300000000641e+01
6.724400300000000641e+01
6.724400300000000641e+01
6.724400300000000641e+01
6.801200099999999793e+01
6.943199900000000468e+01
6.891400099999999895e+01
7.000399799999999573e+01
7.000399799999999573e+01
7.000399799999999573e+01
7.031199599999999350e+01
7.055799899999999525e+01
6.917800099999999475e+01
6.752800000000000580e+01
6.856999999999999318e+01
6.856999999999999318e+01
6.856999999999999318e+01
6.990599799999999675e+01
6.916400099999999895e+01
7.086199999999999477e+01
6.984999799999999937e+01
6.875000000000000000e+01
6.875000000000000000e+01
6.875000000000000000e+01
6.662599899999999309e+01
6.679399899999999946e+01
6.900000000000000000e+01
6.304600099999999685e+01
6.208400000000000318e+01
6.208400000000000318e+01
6.208400000000000318e+01
6.314600000000000080e+01
6.473200199999999427e+01
6.446199799999999414e+01
6.681400299999999959e+01
6.709799999999999898e+01
6.709799999999999898e+01
6.709799999999999898e+01
6.709799999999999898e+01
6.695400200000000268e+01
6.666000400000000070e+01
6.923400100000000634e+01
7.041000400000000070e+01
7.041000400000000070e+01
7.041000400000000070e+01
7.148400100000000634e+01
7.019799799999999834e+01
6.861199999999999477e+01
6.618599700000000041e+01
6.702400199999999586e+01
6.702400199999999586e+01
6.702400199999999586e+01
6.666999800000000675e+01
6.563999900000000309e+01
6.645999899999999627e+01
6.581999999999999318e+01
6.543399800000000255e+01
6.543399800000000255e+01
6.543399800000000255e+01
6.910199699999999723e+01
6.836799600000000510e+01
6.532599600000000351e+01
6.512000299999999697e+01
6.426999700000000360e+01
6.426999700000000360e+01
6.426999700000000360e+01
6.271200199999999825e+01
6.211000099999999691e+01
6.330599999999999739e+01
6.182000000000000028e+01
6.030799900000000235e+01
6.030799900000000235e+01
6.030799900000000235e+01
6.083599900000000105e+01
5.583599900000000105e+01
5.155599999999999739e+01
5.322600200000000115e+01
5.322600200000000115e+01
5.322600200000000115e+01
5.322600200000000115e+01
5.049599800000000016e+01
5.350600099999999770e+01
5.738799999999999812e+01
6.114400100000000293e+01
5.986000099999999691e+01
5.986000099999999691e+01
5.986000099999999691e+01
5.793199899999999758e+01
6.093999900000000025e+01
6.018600099999999742e+01
5.881600199999999745e+01
6.006800100000000242e+01
6.006800100000000242e+01
6.006800100000000242e+01
5.824200100000000191e+01
5.753799800000000175e+01
5.866999799999999965e+01
6.001599900000000076e+01
5.804800000000000182e+01
5.804800000000000182e+01
5.804800000000000182e+01
5.667399999999999949e+01
5.669200099999999765e+01
5.613799999999999812e+01
5.709600100000000111e+01
5.881600199999999745e+01
5.881600199999999745e+01
5.881600199999999745e+01
5.877999899999999656e+01
5.998400099999999924e+01
6.022999999999999687e+01
5.688999900000000309e+01
5.881800100000000242e+01
5.881800100000000242e+01
5.881800100000000242e+01
6.055400099999999952e+01
6.039400100000000293e+01
6.136999899999999997e+01
6.100400199999999984e+01
6.021200199999999825e+01
6.021200199999999825e+01
6.021200199999999825e+01
5.839400100000000293e+01
5.683599900000000105e+01
5.729600099999999685e+01
5.690800099999999873e+01
5.536399800000000226e+01
5.536399800000000226e+01
5.536399800000000226e+01
5.689799899999999866e+01
5.500199899999999786e+01
5.581399900000000258e+01
5.557000000000000028e+01
5.577000000000000313e+01
5.577000000000000313e+01
5.577000000000000313e+01
5.577000000000000313e+01
5.675199899999999786e+01
5.834400200000000325e+01
5.694599900000000048e+01
5.836399800000000226e+01
5.836399800000000226e+01
5.836399800000000226e+01
5.934799999999999898e+01
5.822600200000000115e+01
6.390000200000000063e+01
6.321799899999999894e+01
6.353200100000000106e+01
6.353200100000000106e+01
6.353200100000000106e+01
6.641999800000000675e+01
6.855400099999999952e+01
6.895600100000000054e+01
7.154399899999999946e+01
7.163400300000000698e+01
7.163400300000000698e+01
7.163400300000000698e+01
7.416599999999999682e+01
7.051000200000000007e+01
7.244400000000000261e+01
6.950199899999999786e+01
6.672599800000000414e+01
6.672599800000000414e+01
6.672599800000000414e+01
6.660199699999999723e+01
6.840000200000000063e+01
6.890000200000000063e+01
6.998600000000000421e+01
6.858999599999999930e+01
6.858999599999999930e+01
6.858999599999999930e+01
6.701399999999999579e+01
6.217200100000000162e+01
6.217200100000000162e+01
6.183200099999999821e+01
6.177999899999999656e+01
6.177999899999999656e+01
6.177999899999999656e+01
6.370199999999999818e+01
6.449400300000000641e+01
6.379200000000000159e+01
6.334199900000000127e+01
6.377399799999999885e+01
6.377399799999999885e+01
6.377399799999999885e+01
6.202000000000000313e+01
6.453800200000000586e+01
6.476999700000000360e+01
6.404599799999999732e+01
6.271600000000000108e+01
6.271600000000000108e+01
6.271600000000000108e+01
6.063999900000000309e+01
5.948599999999999710e+01
6.174800100000000214e+01
6.133000200000000035e+01
5.943600099999999742e+01
5.943600099999999742e+01
5.943600099999999742e+01
5.803399999999999892e+01
5.962799799999999806e+01
6.016799900000000179e+01
6.990799699999999461e+01
6.963400300000000698e+01
6.963400300000000698e+01
6.963400300000000698e+01
6.839800300000000277e+01
7.591400099999999895e+01
7.406800099999999532e+01
7.048999799999999993e+01
7.109799999999999898e+01
7.109799999999999898e+01
7.109799999999999898e+01
7.128199800000000153e+01
6.952800000000000580e+01
6.773799900000000207e+01
6.708999599999999930e+01
6.109999799999999937e+01
6.109999799999999937e+01
6.109999799999999937e+01
6.168800000000000239e+01
6.437999700000000303e+01
6.432800299999999538e+01
6.401999700000000360e+01
6.456400299999999959e+01
6.456400299999999959e+01
6.456400299999999959e+01
6.385399999999999920e+01
6.237200200000000194e+01
6.100199899999999786e+01
6.063000100000000003e+01
6.033200099999999821e+01
6.033200099999999821e+01
6.033200099999999821e+01
6.033200099999999821e+01
5.779000099999999662e+01
5.614799899999999866e+01
5.618999900000000025e+01
5.264799899999999866e+01
5.264799899999999866e+01
5.264799899999999866e+01
5.709999799999999937e+01
5.588799999999999812e+01
5.810800199999999904e+01
5.789199800000000096e+01
5.904000099999999662e+01
5.904000099999999662e+01
5.904000099999999662e+01
5.896799899999999894e+01
5.699200100000000191e+01
5.980400099999999952e+01
5.966599999999999682e+01
5.982000000000000028e+01
5.982000000000000028e+01
5.982000000000000028e+01
5.993600099999999742e+01
6.019800200000000245e+01
6.191599999999999682e+01
6.150400199999999984e+01
5.295399900000000315e+01
5.295399900000000315e+01
5.295399900000000315e+01
6.213999900000000309e+01
6.020399900000000315e+01
5.895999900000000338e+01
5.636600099999999713e+01
5.238999900000000309e+01
5.238999900000000309e+01
5.238999900000000309e+01
5.011200000000000188e+01
5.256000099999999975e+01
5.137599900000000019e+01
5.044599900000000048e+01
5.175600099999999770e+01
5.175600099999999770e+01
5.175600099999999770e+01
5.191799900000000179e+01
5.531800100000000242e+01
5.435599899999999707e+01
5.278200100000000106e+01
5.200000000000000000e+01
5.200000000000000000e+01
5.200000000000000000e+01
5.218999900000000025e+01
5.882799899999999838e+01
5.770000100000000032e+01
6.297200000000000131e+01
6.618000000000000682e+01
6.618000000000000682e+01
6.618000000000000682e+01
6.697000099999999634e+01
6.598000299999999640e+01
6.746399700000000621e+01
6.885600300000000118e+01
6.928199800000000153e+01
6.928199800000000153e+01
6.928199800000000153e+01
6.827999900000000366e+01
6.821199799999999414e+01
6.963200399999999490e+01
7.027999900000000366e+01
7.010199699999999723e+01
7.010199699999999723e+01
7.010199699999999723e+01
6.625599699999999359e+01
6.774600200000000427e+01
6.880000300000000379e+01
6.968800400000000650e+01
7.086199999999999477e+01
7.086199999999999477e+01
7.086199999999999477e+01
7.069400000000000261e+01
6.949800100000000214e+01
6.763800000000000523e+01
6.763800000000000523e+01
6.516599999999999682e+01
6.516599999999999682e+01
6.516599999999999682e+01
6.919999699999999621e+01
6.878399699999999939e+01
6.957399700000000564e+01
6.823400100000000634e+01
7.009600100000000111e+01
7.009600100000000111e+01
7.009600100000000111e+01
7.169799799999999834e+01
7.194000200000000689e+01
7.194000200000000689e+01
7.261199999999999477e+01
7.159400200000000325e+01
7.159400200000000325e+01
7.159400200000000325e+01
7.302999900000000366e+01
7.335199699999999723e+01
7.331999999999999318e+01
7.535800199999999904e+01
7.314199800000000096e+01
7.314199800000000096e+01
7.314199800000000096e+01
6.968399800000000255e+01
6.740599799999999675e+01
6.659400200000000325e+01
6.307600000000000051e+01
6.395399900000000315e+01
6.395399900000000315e+01
6.395399900000000315e+01
5.907799899999999838e+01
5.907799899999999838e+01
6.521800199999999847e+01
6.322600200000000115e+01
6.677400199999999586e+01
6.677400199999999586e+01
6.677400199999999586e+01
6.655999799999999311e+01
6.655999799999999311e+01
6.202399799999999885e+01
6.007199899999999815e+01
6.353799800000000175e+01
6.353799800000000175e+01
6.353799800000000175e+01
6.699199699999999780e+01
6.706999999999999318e+01
6.770600100000000054e+01
6.899400300000000641e+01
6.945200300000000482e+01
6.945200300000000482e+01
6.945200300000000482e+01
6.687999700000000303e+01
6.888600200000000484e+01
6.920999899999999627e+01
6.946199799999999414e+01
6.045199999999999818e+01
6.045199999999999818e+01
6.045199999999999818e+01
6.045199999999999818e+01
5.978399999999999892e+01
5.751800200000000274e+01
5.830199799999999755e+01
5.940800099999999873e+01
5.940800099999999873e+01
5.940800099999999873e+01
5.927600100000000083e+01
5.949200100000000191e+01
6.175400199999999984e+01
6.140399899999999889e+01
6.244200099999999765e+01
6.244200099999999765e+01
6.244200099999999765e+01
6.257799899999999838e+01
6.426999700000000360e+01
6.344400000000000261e+01
6.150199899999999786e+01
6.115999999999999659e+01
6.115999999999999659e+01
6.115999999999999659e+01
6.256800100000000242e+01
6.236200000000000188e+01
6.163399900000000287e+01
6.075400199999999984e+01
6.157600000000000051e+01
6.157600000000000051e+01
6.157600000000000051e+01
6.157600000000000051e+01
6.112799799999999806e+01
6.051200099999999793e+01
5.824599800000000016e+01
5.894200099999999765e+01
5.894200099999999765e+01
5.894200099999999765e+01
5.975400199999999984e+01
5.957199899999999815e+01
6.294800200000000245e+01
6.397600200000000115e+01
5.895799999999999841e+01
5.895799999999999841e+01
5.895799999999999841e+01
5.707199899999999815e+01
5.530799900000000235e+01
5.524800100000000214e+01
5.531800100000000242e+01
5.682799899999999838e+01
5.682799899999999838e+01
5.682799899999999838e+01
5.818399800000000255e+01
5.667200100000000162e+01
5.779200000000000159e+01
5.799200100000000191e+01
5.508599900000000105e+01
5.508599900000000105e+01
5.508599900000000105e+01
5.389799899999999866e+01
5.349399900000000230e+01
5.472000100000000344e+01
5.480400099999999952e+01
5.290599799999999675e+01
5.290599799999999675e+01
5.290599799999999675e+01
5.208400000000000318e+01
5.355400099999999952e+01
5.496600000000000108e+01
5.572399899999999917e+01
5.597200000000000131e+01
5.597200000000000131e+01
5.597200000000000131e+01
5.783599900000000105e+01
5.717599899999999735e+01
5.836200000000000188e+01
5.355599999999999739e+01
5.499200100000000191e+01
5.499200100000000191e+01
5.499200100000000191e+01
5.463999900000000309e+01
5.446200199999999825e+01
5.521200199999999825e+01
5.368399800000000255e+01
5.354000099999999662e+01
5.354000099999999662e+01
5.354000099999999662e+01
5.327600100000000083e+01
5.467200100000000162e+01
5.424599800000000016e+01
