5.252375386950686931e+01
5.167677248837295423e+01
5.101207525536111120e+01
5.058163002728565516e+01
5.029686674852796813e+01
4.994967533303076834e+01
4.976309248970019183e+01
4.946814101011081988e+01
4.916455475053100344e+01
4.888883414509462710e+01
4.860414464818435931e+01
4.819029747726674628e+01
4.827010420809485680e+01
4.806232673265414945e+01
4.776727051854132355e+01
4.737611714640338079e+01
4.718862522365701295e+01
4.698572731784850731e+01
4.689743819570047378e+01
4.679192561591482047e+01
4.662154251129317117e+01
4.641049858110413595e+01
4.628934898147745969e+01
4.616848062009623277e+01
4.624844468371345130e+01
4.591190574889873943e+01
4.572962649443541494e+01
4.573526774099577352e+01
4.572818358731405652e+01
4.512868875474121921e+01
4.489726859342563614e+01
4.464437662748949265e+01
4.481964705597169285e+01
4.465019182821664145e+01
4.452450229344189836e+01
4.445729571996949403e+01
4.447949249201057142e+01
4.429679304549540575e+01
4.425588263550254453e+01
4.416700513948137541e+01
4.403660763331799188e+01
4.386339966449285299e+01
4.356453245594364176e+01
4.350646992462595364e+01
4.342644565627190190e+01
4.288100459689096056e+01
4.324138623538005533e+01
4.343523502970298722e+01
4.354303752589915177e+01
4.333415982638703667e+01
4.316382567187397257e+01
4.305679239459629315e+01
4.289189264451356109e+01
4.296742455572462660e+01
4.300486004927137174e+01
4.274367152066538011e+01
4.269665221541311695e+01
4.259893172962900110e+01
4.246997682337502056e+01
4.228812643366079271e+01
4.262645980275978985e+01
4.223569909701540581e+01
4.291663410949322355e+01
4.244234048698209705e+01
4.246404405280721051e+01
4.254257617820274362e+01
4.228410415488286134e+01
4.194471625499478051e+01
4.191807656811437255e+01
4.209477630798441083e+01
4.204416700108715332e+01
4.180920347234391699e+01
4.173655629713956472e+01
4.146272919604567164e+01
4.176824146514861269e+01
4.183894046222058449e+01
4.183221239248789658e+01
4.216399749160446220e+01
4.130924212161846754e+01
4.154527704767744467e+01
4.151801317705018590e+01
4.115843263521031048e+01
4.118859648860869527e+01
4.131320705674264815e+01
4.117795710184115876e+01
4.091510369067758290e+01
4.112215216170238108e+01
4.080521537205912352e+01
4.095262349477360431e+01
4.145558933328605633e+01
4.163343552010535831e+01
4.094076345744954892e+01
4.093429674371201799e+01
4.086483706398588822e+01
4.005051164236904526e+01
4.023119063308811150e+01
4.053109952681464279e+01
4.047801398126729566e+01
4.016774607016134979e+01
3.986182176960329571e+01
3.983150707517766165e+01
3.936631745690571904e+01
3.921751073215833117e+01
3.947584291967064729e+01
3.954426480530489840e+01
3.941285098227758255e+01
3.950538883221470599e+01
3.962599358847821662e+01
3.944366609496669440e+01
3.932494989485495296e+01
3.985275487999246735e+01
3.951319405020515774e+01
3.915980077240448765e+01
3.871800912363237757e+01
3.899290628910070922e+01
3.903116135032598066e+01
3.884138896155626242e+01
3.913957457042481280e+01
3.882964274817106087e+01
3.842927543481526698e+01
3.823126789200476594e+01
3.814847534888382796e+01
3.824941588452661279e+01
3.831270005743489548e+01
3.778838151553533464e+01
3.805821831246607445e+01
3.750102690787357318e+01
3.653544866472154240e+01
3.676879062670629850e+01
3.693306149079188572e+01
3.701390615378094395e+01
3.692917389873691292e+01
3.757274722469514927e+01
3.735913362345058175e+01
3.716175510237798107e+01
3.696235856404754117e+01
3.679182782074231284e+01
3.708256213879306529e+01
3.699970430957763767e+01
3.701841126675606120e+01
3.675573598132466202e+01
3.715277812364748655e+01
3.712599996865347407e+01
3.708751181690509213e+01
3.683420181013924122e+01
3.714172037574653729e+01
3.745155588355922305e+01
3.704225062297751236e+01
3.689908827224623167e+01
3.692319187515391832e+01
3.678687727527231033e+01
3.711107937299121318e+01
3.684487135310430261e+01
3.693356865940288714e+01
3.701007122625267698e+01
3.691471984676450546e+01
3.655443568295135748e+01
3.674861183248002305e+01
3.660841727338965512e+01
3.675781291312897281e+01
3.671026244880159339e+01
3.683218291984120185e+01
3.717062787851023131e+01
3.699381344546378614e+01
3.695331902641966337e+01
3.704471071852718467e+01
3.737128788508323396e+01
3.719027982357295770e+01
3.733040160907254545e+01
3.722028518517048212e+01
3.726541409117849923e+01
3.727675774116165286e+01
3.705441704089862753e+01
3.734084831906761082e+01
3.726473810175247792e+01
3.670618104503890322e+01
3.680480205804024507e+01
3.712625907463614539e+01
3.700636738108402568e+01
3.709255594500123010e+01
3.663467360376331072e+01
3.694836696281193156e+01
3.651110749690504065e+01
3.613000576104390404e+01
3.630798498678822739e+01
3.636896927275849123e+01
3.645788779483579845e+01
3.591898369778754585e+01
3.644377111199352726e+01
3.626030116950541071e+01
3.611744605059157465e+01
3.605141525745483477e+01
3.613945026694502616e+01
3.562129800382108158e+01
3.601396126308728896e+01
3.578752137063820271e+01
3.570781281621551528e+01
3.542402358842524279e+01
3.539873564167739062e+01
3.530442090337498939e+01
3.501832247652088626e+01
3.468434312836408395e+01
3.475573691944607191e+01
3.485196906756380741e+01
3.481791262379581298e+01
3.461793745662960475e+01
3.453578309917019595e+01
3.487413421761727506e+01
3.461409408696381718e+01
3.453990607741120300e+01
3.452936216137116077e+01
3.513402009739813536e+01
3.488930955905512121e+01
3.487940976116342995e+01
3.450739305341702590e+01
3.446312171931636925e+01
3.441638689547032470e+01
3.438655116221902830e+01
3.463755341997147497e+01
3.485982855832993721e+01
3.438543328804739474e+01
3.427823648326138084e+01
3.433818259418279695e+01
3.407763276284171639e+01
3.421885910820714827e+01
3.408483318739789780e+01
3.403478500815817398e+01
3.448902689264580346e+01
3.455414771833667231e+01
3.497026675296882559e+01
3.460523653213038386e+01
3.414267745654559150e+01
3.447616254793416601e+01
3.379855450189773336e+01
3.413332501074863501e+01
3.432833978340579506e+01
3.414935808842295728e+01
3.428256307056626184e+01
3.381499118283001337e+01
3.378348543667171811e+01
3.392670436695708958e+01
3.347208458314526069e+01
3.345416338100195475e+01
3.371124294132120269e+01
3.354234629399787337e+01
3.325224341070789791e+01
3.364323137614550774e+01
3.328147841885434133e+01
3.291146346241873033e+01
3.304901864803319000e+01
3.336641132944965449e+01
3.277636658786217794e+01
3.224737860014143820e+01
3.244286196413388268e+01
3.206982020653244803e+01
3.223408663523573381e+01
3.288780716136277249e+01
3.304063586372188155e+01
3.321418235985605349e+01
3.261801477628421253e+01
3.215542660808613107e+01
3.196952506528864646e+01
3.200295958291191312e+01
3.227470271621547226e+01
3.222855334172329833e+01
3.266075119942631488e+01
3.214519972262581859e+01
3.153910829064944465e+01
3.184054621897521287e+01
3.183547028427215153e+01
3.230679552285431555e+01
3.212225639303095193e+01
3.217891200613896530e+01
3.227425186921553291e+01
3.227384469008858758e+01
3.235556024114953999e+01
3.206219551972139215e+01
3.229996317252026472e+01
3.239326542861891056e+01
3.248167490458254036e+01
3.215937700410487565e+01
3.271614249135985375e+01
3.251272109171125635e+01
3.256163417714051889e+01
3.232823127513811556e+01
3.267548237464109206e+01
3.245651023206627173e+01
3.234193782691947661e+01
3.245682668121342118e+01
3.204861825978096590e+01
3.205005576733984896e+01
3.173002435787227427e+01
3.205777563216969384e+01
3.157795543712197883e+01
3.203779569147990003e+01
3.165760836054895577e+01
3.190934320717448713e+01
3.178628340119304951e+01
3.161289635674503629e+01
3.189396169904047440e+01
3.116734950145632510e+01
3.132418526177235307e+01
3.092663787284925192e+01
3.103905696655572655e+01
3.134465958466337199e+01
3.123030839483380205e+01
3.170527629224603672e+01
3.178201282205941780e+01
3.139303809279538271e+01
3.142138147665750481e+01
3.155355813666464826e+01
3.211790843317902500e+01
3.196315355269122804e+01
3.284724734197427409e+01
3.235734119749815108e+01
3.198755305908447966e+01
3.208331039234438720e+01
3.139590953142062801e+01
3.189864461618913438e+01
3.207094323900455635e+01
3.203176866234487363e+01
3.228757695407862371e+01
3.173830075947354956e+01
3.163345474104248822e+01
3.133619021173999641e+01
3.147114760896910468e+01
3.183722895880099557e+01
3.143458613319644712e+01
3.136268246855537711e+01
3.151788448470687598e+01
3.136928295972329650e+01
3.130005938722874248e+01
3.170256688948594359e+01
3.156558388926354652e+01
3.153623888851001666e+01
3.138572830849975404e+01
3.164936211552169709e+01
3.108182348538381490e+01
3.134656830103867264e+01
3.086265819119859088e+01
3.112055504995424826e+01
3.053508159114536369e+01
3.041141897415867845e+01
3.089387084170819264e+01
3.060450552785705369e+01
3.081040321065040288e+01
3.066882821938579795e+01
3.061712875548925794e+01
3.095211360756763952e+01
3.050363706629931215e+01
3.072357184176808786e+01
3.032936859334870761e+01
3.021512614416804965e+01
3.041565655943423607e+01
2.990197932528725744e+01
2.987252011471308322e+01
3.005199906813852806e+01
2.979568119923098379e+01
2.972392196296850031e+01
3.012027833616793515e+01
3.032204340478020654e+01
3.068343866691517974e+01
3.099974867788514032e+01
3.067366195883664304e+01
3.013201366034097362e+01
2.985269391658413340e+01
2.948141259739902154e+01
2.963712146294803418e+01
3.002158213866401937e+01
3.069161939330451361e+01
3.004882448543480677e+01
3.023830154396743453e+01
3.016509112231536349e+01
2.983836766051032541e+01
2.978229964536342322e+01
2.972287439154381516e+01
2.985090753920012929e+01
3.000151179606254814e+01
3.017747121669956201e+01
2.953430408384572914e+01
2.921281300076470444e+01
2.914934465889062665e+01
2.985774805631561080e+01
2.962042735304207142e+01
2.986682368640678220e+01
2.988287150198156894e+01
3.033116590697080994e+01
3.030313742039630043e+01
2.976716512970646633e+01
2.962262153307026580e+01
2.920018284538588205e+01
2.946156932075141199e+01
2.844596180906205518e+01
2.874157177449334100e+01
2.854339566275485751e+01
2.899762220919280509e+01
2.910846144529531188e+01
2.887746281468088938e+01
2.887009938745277182e+01
2.868496016783959490e+01
2.830868934185901509e+01
2.869311158599741063e+01
2.893920058728675926e+01
2.805851508682567896e+01
2.874333943851659257e+01
2.893867839473033143e+01
2.935296338034724073e+01
2.869359195875604840e+01
2.846858205541393616e+01
2.900811975637590123e+01
2.928514864354564295e+01
2.931443538774124491e+01
2.894011741243445002e+01
2.900746559260669244e+01
2.838314629312837312e+01
2.838659010290484019e+01
2.778980842538261697e+01
2.757238238305525968e+01
2.756459927300128143e+01
2.753894425957944492e+01
2.778553187001318747e+01
2.769565417840065180e+01
2.731409775987916788e+01
2.731551216535841675e+01
2.663463598889687134e+01
2.724050982258183495e+01
2.817079169629966273e+01
2.760322576279546780e+01
2.744865864832462776e+01
2.767197624980934023e+01
2.762669156387318381e+01
2.785182433818422965e+01
2.790254133180130935e+01
2.838911767486944271e+01
2.762567154845843120e+01
2.776446211730243618e+01
2.803121807281762656e+01
2.742856709909441548e+01
2.724906457185678477e+01
2.734957427132047769e+01
2.743835488722749005e+01
2.668462783576576669e+01
2.694693411450350951e+01
2.668795268322457304e+01
2.649586546145824428e+01
2.715265596452019281e+01
2.686781040238348339e+01
2.745943855141820578e+01
2.680136578481751997e+01
2.704600948126250515e+01
2.648747051122964891e+01
2.697016424559063807e+01
2.615923640214356638e+01
2.655811632285725921e+01
2.667829922282770738e+01
2.627346931441447708e+01
2.661082720755446118e+01
2.677468471068861788e+01
2.720012932099309211e+01
2.712342570927211227e+01
2.689361222194818879e+01
2.683724836317211881e+01
2.677373304483525374e+01
2.609683430820391692e+01
2.614847271238494386e+01
2.570181723422663467e+01
2.576163280181573612e+01
2.537663473661915603e+01
2.498279647424087102e+01
2.498331482859043362e+01
2.472330769381438387e+01
2.520418348923330853e+01
2.437629255761872571e+01
2.488762894464019482e+01
2.557864236686546633e+01
2.534892604645943237e+01
2.560641571884089274e+01
2.504883955723375877e+01
2.522235652462786248e+01
2.539491144001618039e+01
2.513156177816084380e+01
2.488832571672362803e+01
2.492887004780522631e+01
2.516103468125996656e+01
2.574079135963887310e+01
2.502894168203511072e+01
2.487576546174455672e+01
2.475650227111799495e+01
2.514046817807896517e+01
2.617237132966211988e+01
2.581026060006820799e+01
2.606535100421755047e+01
2.678790191188268466e+01
2.622075111344337017e+01
2.595721202522049254e+01
2.616476457749528706e+01
2.613707283167179796e+01
2.609959656114513393e+01
2.601913636918546047e+01
2.656873397947652649e+01
2.725884326570910687e+01
2.661806262837828996e+01
2.685921549525727059e+01
2.663922596971360335e+01
2.613674640193911358e+01
2.575966847611672605e+01
2.627477740708156162e+01
2.581127323685601738e+01
2.501176057493404770e+01
2.522745612298058404e+01
2.487961059797340724e+01
2.446367543814395518e+01
2.445547482856803256e+01
2.387103256160314757e+01
2.406220193296788779e+01
2.422446563479592996e+01
2.442304979546807076e+01
2.404453510997322851e+01
2.447699860392914317e+01
2.433894558435843081e+01
2.385082666210809776e+01
2.381835645323439010e+01
2.431992530887697512e+01
2.425734642322372281e+01
2.442829759425653435e+01
2.445905324199056352e+01
2.394747215070856328e+01
2.392372209584715748e+01
2.412523199235492655e+01
2.410108407293347454e+01
2.374434466333451255e+01
2.417375134051427921e+01
2.429804940274203062e+01
2.441941215777827878e+01
2.483856407751879658e+01
2.417705690925659567e+01
2.423333950780533641e+01
2.484111672486846700e+01
2.478384260043799614e+01
2.479108578683536734e+01
2.468421383314555584e+01
2.464189925965865058e+01
2.399182388926423570e+01
2.382478223322320687e+01
2.423287752292305441e+01
2.460611095293942441e+01
2.473148862605776799e+01
2.443238866303066459e+01
2.433479364170570847e+01
2.445804946904298660e+01
2.392046523551994142e+01
2.483935869968169285e+01
2.488992535845160248e+01
2.409687352681895689e+01
2.441968305812265783e+01
2.393007045036880953e+01
2.436297170406615464e+01
2.392767310287712590e+01
2.427559017125437535e+01
2.466525437151223343e+01
2.417049156725747494e+01
2.436153604056347177e+01
2.453092947532069346e+01
2.444699156244858074e+01
2.372264883801565816e+01
2.364991135560501689e+01
2.364596299880652808e+01
2.381539618046723206e+01
2.378891271954656617e+01
2.308053450055351163e+01
2.360472715389992615e+01
2.407981024427473926e+01
2.409478971367213163e+01
2.392437808835073199e+01
2.342306145711120280e+01
2.329827208646399583e+01
2.336073600589778820e+01
2.355411027779406297e+01
2.322214383041650620e+01
2.243212902084962224e+01
2.263441842774702906e+01
2.318645089917782443e+01
2.402268135417758188e+01
2.424529694904897426e+01
2.427985157587331955e+01
2.399727252098268337e+01
2.336289810088352326e+01
2.295817265222759573e+01
2.396381441094946751e+01
2.409111848495228259e+01
2.480970561559787058e+01
2.483405854262461787e+01
2.539776751781988651e+01
2.558972885630560867e+01
2.441783102508667724e+01
2.435546909394531312e+01
2.473628389216150225e+01
2.443467511903120837e+01
2.435087257420352103e+01
2.428799089294853530e+01
2.430915089840959808e+01
2.400050547597629347e+01
2.464502400860277120e+01
2.419167948405451440e+01
2.451480437145332303e+01
2.436167727129341642e+01
2.419376047238219840e+01
2.485061906096298756e+01
2.440547290899245425e+01
2.431418663570043748e+01
2.441743989694544226e+01
2.450695288298271990e+01
2.372678324311451803e+01
2.335315571196010609e+01
2.348467892051737138e+01
2.390147857972585044e+01
2.304458936378138034e+01
2.353712834679322086e+01
2.390223226790487487e+01
2.266614218726969909e+01
2.238979234194282952e+01
2.267773945501458144e+01
2.177514045080660310e+01
2.242398303985756058e+01
2.249237799584055963e+01
2.216251643966146645e+01
2.237572964706061285e+01
2.235447680139722593e+01
2.218300702204187047e+01
2.164237255024248086e+01
2.169438244111484337e+01
2.204823593654905167e+01
2.215560592781315208e+01
2.142199682733772548e+01
2.101035965680912909e+01
2.108588320059424248e+01
2.119354541495465938e+01
2.115343316585130040e+01
2.029798589025985578e+01
2.015830263912662446e+01
2.083532731765456703e+01
2.131751636680290574e+01
2.082844286178902848e+01
2.037460156201028383e+01
2.096558377219970382e+01
2.087677900601066838e+01
2.094680511546499702e+01
2.066720075044992555e+01
2.157504773392152231e+01
2.180799404353124515e+01
2.124500503526572004e+01
2.144776628947609964e+01
2.085944014041075789e+01
2.179195116794466713e+01
2.152856565973367964e+01
2.167650072964369556e+01
2.197371764854069554e+01
2.195288426784481217e+01
2.258802684933270655e+01
2.240575607731175012e+01
2.268127694932575977e+01
2.271698042789892114e+01
2.258778611562204830e+01
2.306903839692143166e+01
2.284208096196469384e+01
2.228421708941872481e+01
2.210588183320454192e+01
2.158391309618212972e+01
2.143090806133679393e+01
2.149533462085050672e+01
2.072534594806539232e+01
2.074022470086084269e+01
2.054251666195003878e+01
2.063958910064010510e+01
2.034542204070492488e+01
2.161877475004334315e+01
2.235852452932075352e+01
2.222977624798157947e+01
2.211761571333649457e+01
2.174564793820193387e+01
2.246115919546356920e+01
2.187653206082654833e+01
2.185873378084818341e+01
2.242427028411228918e+01
2.201601121626827862e+01
2.310049833150954157e+01
2.277611804637015780e+01
2.271686455632568524e+01
2.317117683020155283e+01
2.298317251314216847e+01
2.288379012146221925e+01
2.265058875510397840e+01
2.275761254777467357e+01
2.281117463937296463e+01
2.267049920501574078e+01
2.272744899084823800e+01
2.263179370879173291e+01
2.328347939540737954e+01
2.302169904264599154e+01
2.378070225194130316e+01
2.332757248035619924e+01
2.283331524775006116e+01
2.260627335988732511e+01
2.203698263233054888e+01
2.306526825801160641e+01
2.263844085852588961e+01
2.237927495085576979e+01
2.226614444903370327e+01
2.283762952216313025e+01
2.287912647008361233e+01
2.281523663550521519e+01
2.196102593073911891e+01
2.229157427654358514e+01
2.216298423937949735e+01
2.188713262687878469e+01
2.223418852986608130e+01
2.211725770288364146e+01
2.227799346933079860e+01
2.267486480663812287e+01
2.179506616752222570e+01
2.270035935874096111e+01
2.248876352841680770e+01
2.245900071232452788e+01
2.253197550116011527e+01
2.303729105261143673e+01
2.251897001973023649e+01
2.244350419881363834e+01
2.286954986267708989e+01
2.311403586765182894e+01
2.240588494531808905e+01
2.250894540193839433e+01
2.258169551832610367e+01
2.278606644601079267e+01
2.308211704284807908e+01
2.245151829719846504e+01
2.279140083669961925e+01
2.283154040291007902e+01
2.236254370179694106e+01
2.183817000962947930e+01
2.206308192352965136e+01
2.277518383724511963e+01
2.176838437487017686e+01
2.189180492985289561e+01
2.172196288033222800e+01
2.182841392567160810e+01
2.156852855537133351e+01
2.126125559265230081e+01
2.135339504369493824e+01
2.173472191171292067e+01
2.139219990944145877e+01
2.139880618024461256e+01
2.197521172038813830e+01
2.193280889763552111e+01
2.158136309096513727e+01
2.183677180426843023e+01
2.213981201864400816e+01
2.155284017132851915e+01
2.264493310007115312e+01
2.274153547145823140e+01
2.216098802208484742e+01
2.252729537968902918e+01
2.213475901851296257e+01
2.178544714235917468e+01
2.179367438419313530e+01
2.103597570495715274e+01
2.110335869771443029e+01
2.039258883777985787e+01
2.068280113887135485e+01
2.092334950353308898e+01
2.035705614496070126e+01
1.954879065945765504e+01
1.971937406260800785e+01
2.022780017345803572e+01
2.009595919330625335e+01
1.994202504776142248e+01
1.992134538903595598e+01
1.992054552712015436e+01
2.033055231994804402e+01
2.011719940878182555e+01
2.020198734702017518e+01
2.064798899936035070e+01
2.011493112147312701e+01
2.029119266091619167e+01
2.059649287592163347e+01
2.104063165559151116e+01
2.065145122271538369e+01
2.050493670503808374e+01
2.030081320148235235e+01
2.032594967900526228e+01
2.066717159966773920e+01
2.049908177758281980e+01
2.050055320719561180e+01
2.036964534563033880e+01
2.003679162128488045e+01
2.001451326091254757e+01
1.992039996926693490e+01
2.031847253705319289e+01
2.008343718106563003e+01
2.011982531322258794e+01
2.026674380295160205e+01
1.980978581599330113e+01
2.055517951221968787e+01
2.035433801738329862e+01
1.977745259378120224e+01
2.028556572402273517e+01
2.014846341031881138e+01
1.979691066076009776e+01
1.964947099909436901e+01
1.994312893113179541e+01
1.990245928931516062e+01
1.968044128010500415e+01
2.026814834971243684e+01
1.991202228773563476e+01
2.031964704283664247e+01
2.019309580514090641e+01
2.015745325400006038e+01
2.030674733136797272e+01
2.042343440131685384e+01
1.952769980462084831e+01
1.967022794771444794e+01
1.978287516835306548e+01
1.946210609092138100e+01
1.967915285805014491e+01
1.975801103812882786e+01
1.958251211567764472e+01
1.971875064191591420e+01
1.987958273537236309e+01
1.989184284111464152e+01
1.963349037694516142e+01
1.945229388798765413e+01
1.905154982594305579e+01
1.891666541976170990e+01
1.878482599167058709e+01
1.950935488162130227e+01
1.873816555075758572e+01
1.973788350540853997e+01
1.928383395617351326e+01
1.869762740080701491e+01
1.912697250827406492e+01
1.885023800433333818e+01
1.888664830377306103e+01
1.884370921880299221e+01
1.888656647924540266e+01
1.881706157031329596e+01
1.948391551898294338e+01
1.892324042059947331e+01
1.829663660583826612e+01
1.810204326395384200e+01
1.767461554911548305e+01
1.712540312209291216e+01
1.715757671116808680e+01
1.700068791279580793e+01
1.764108855265684994e+01
1.734859620432553129e+01
1.831460722717341483e+01
1.778527830687572120e+01
1.809966902996638183e+01
1.725945435681977358e+01
1.648900111377147581e+01
1.752316008440714157e+01
1.657478648923454401e+01
1.648821173745152890e+01
1.727368309201670016e+01
1.790851084634050494e+01
1.785680590920682675e+01
1.769191372575161836e+01
1.765601191246692991e+01
1.759794981034032091e+01
1.720096092526222620e+01
1.717211158848846608e+01
1.756474448720666359e+01
1.737119307527083123e+01
1.800108303575888158e+01
1.790252922033505101e+01
1.842971101558399738e+01
1.864085651973246627e+01
1.872682411590944085e+01
1.782186888243798251e+01
1.862030808535889292e+01
1.822871689335239154e+01
1.813216936474584529e+01
1.831963537358348759e+01
1.838633206024598721e+01
1.871619957408025314e+01
1.850137735429673569e+01
1.807453217972685167e+01
1.851378032986510647e+01
1.835477547625014338e+01
1.843417612650518578e+01
1.842701746160214782e+01
1.953883535458392373e+01
1.903445398414973866e+01
1.936194135345028045e+01
1.941194274476640658e+01
2.040317666813055908e+01
1.995557960795012420e+01
2.062923891778755348e+01
2.010481423637737919e+01
2.043236110616934553e+01
1.989425737717504106e+01
2.036345519527563042e+01
2.074487517337608367e+01
2.023420235341752615e+01
2.006582776748507868e+01
1.976240322544017047e+01
1.989265915534074125e+01
2.029420013145173129e+01
2.000381821748812783e+01
2.064389973639110920e+01
2.034634452442806207e+01
2.047842811198278312e+01
2.012536609404946475e+01
2.000842206182262473e+01
1.925080972145713787e+01
1.963236186380802550e+01
2.014754486254384247e+01
1.950591015097499437e+01
2.005051095029379127e+01
1.996148004440862067e+01
1.997337192847913201e+01
2.046873023741840214e+01
2.022655395504877163e+01
2.033452786394160583e+01
1.994444959980520693e+01
2.008730399373045472e+01
1.974124855173689497e+01
1.992260013503948812e+01
1.970348530816497501e+01
2.000728268217280004e+01
1.942180152104346647e+01
2.011673053037849002e+01
2.047289260553731083e+01
2.001463233886930837e+01
1.990787629848176365e+01
1.966214981463506462e+01
1.943086681798073556e+01
1.996018071797722016e+01
1.916530471489466692e+01
1.927378026306518777e+01
1.998555205181784444e+01
1.943554085290118039e+01
1.951548106560198192e+01
1.987936533937672934e+01
1.978880944274159148e+01
1.978127937187260699e+01
1.972874585032478834e+01
1.921175304601192124e+01
1.959823400921321124e+01
1.952161982346716940e+01
1.969076704495896024e+01
2.035187957050565899e+01
2.055937204504119364e+01
2.021860578550936438e+01
1.927916797098434643e+01
2.010205345096137108e+01
2.011325773649873128e+01
2.007473444932293205e+01
1.977015954449411694e+01
2.001959478330531539e+01
1.970151939467854874e+01
1.961264838025954305e+01
1.935574035717815633e+01
1.940328041201670928e+01
1.968958843220530852e+01
1.966450292091912289e+01
1.913330500874953799e+01
1.884802704727637490e+01
1.860763956988594359e+01
1.821776571238885722e+01
1.794246084998765411e+01
1.838566099659668751e+01
1.813771050607930135e+01
1.780305653713893577e+01
1.812393114268146377e+01
1.674438704152749935e+01
1.780282209007259553e+01
1.719308914293760537e+01
1.731923340096304997e+01
1.766460739711927985e+01
1.744685831890612349e+01
1.778586461375732597e+01
1.733036466264258735e+01
1.791402054908623498e+01
1.833232153505909068e+01
1.773833150666597902e+01
1.822773714570075043e+01
1.883858363985737228e+01
1.877366220453010470e+01
1.921606769547472027e+01
1.919186076084058712e+01
1.889212115214685639e+01
1.920454943283370497e+01
1.892035822808718848e+01
1.924648734616429735e+01
1.832018266677537355e+01
1.820805390118277955e+01
1.795101150432998338e+01
1.856706057955571509e+01
1.861304973097220028e+01
1.952227783687421336e+01
1.933025762708372852e+01
2.020108534486528384e+01
1.986218486548602868e+01
1.927450345899003281e+01
1.870842088107869472e+01
1.848229825218750122e+01
1.871796936888195262e+01
1.941812443598058735e+01
1.999817096477802991e+01
1.851090245301559278e+01
1.885408303293454324e+01
1.849849745837219217e+01
1.865721116024347026e+01
1.833505298371071390e+01
1.787346348851981048e+01
1.754919432723393413e+01
1.728220691033503797e+01
1.748254127094726940e+01
1.794538629845806454e+01
1.853511670500521191e+01
1.818562653889596703e+01
1.897668494439911413e+01
1.817767121592770962e+01
1.868644571441672753e+01
1.906318220345664827e+01
1.897893378379408347e+01
1.839130377628382718e+01
1.865580420309328957e+01
1.761300819165898091e+01
1.853377016355367246e+01
1.785132004202771228e+01
1.804276669879122252e+01
1.784842226543059240e+01
1.817871522094953463e+01
1.794093728427186463e+01
1.911396956998190788e+01
1.932628994596671745e+01
1.870510011103782588e+01
1.913805212061776118e+01
1.915688286177415378e+01
1.895284713700858958e+01
1.926280703399790184e+01
1.975763444589252416e+01
1.951733554699470119e+01
1.936261589870807498e+01
1.934124582347752153e+01
1.952910467820991158e+01
1.976432494555038843e+01
1.956519969827261818e+01
1.938636535457215615e+01
1.937925704869019583e+01
1.877607820842752417e+01
1.930254480575975862e+01
1.843128210820542989e+01
1.860499553134385664e+01
1.843159381200843683e+01
1.802285176387252363e+01
1.791397771343158496e+01
1.840763346711813497e+01
1.817696405179790275e+01
1.833036612645564034e+01
1.767793260586239867e+01
1.858223730138830376e+01
1.845710053325575117e+01
1.758178234971355280e+01
1.769065356825090518e+01
1.744941336228293949e+01
1.710425778567022448e+01
1.669916265825993662e+01
1.698392420661180680e+01
1.609472061780241248e+01
1.607910642223743736e+01
