6.176750796588512316e+01
6.176750796588512316e+01
6.176750796588512316e+01
6.176750796588512316e+01
5.598868319119639381e+01
5.532809041382167692e+01
5.440696944515671163e+01
5.237123009470776935e+01
4.810696198664538059e+01
4.810696198664538059e+01
4.810696198664538059e+01
4.973529778966707937e+01
4.961614584751614387e+01
4.931031182541850200e+01
5.024139098464866038e+01
4.952834521454857963e+01
4.952834521454857963e+01
4.952834521454857963e+01
5.091098016067937948e+01
5.350018737845979189e+01
5.034017163073411183e+01
4.966777888168191879e+01
4.966777888168191879e+01
4.966777888168191879e+01
4.966777888168191879e+01
4.823222872556019070e+01
4.644295985121401316e+01
4.644018404904413444e+01
4.619181906213850652e+01
4.428420331822839273e+01
4.428420331822839273e+01
4.428420331822839273e+01
4.325826526519590942e+01
4.123393048190782650e+01
4.049756879560189304e+01
4.290002072825865298e+01
4.049756879560189304e+01
4.049756879560189304e+01
4.049756879560189304e+01
4.049756879560189304e+01
4.049906639162097832e+01
4.006239019993181927e+01
4.023216663980149832e+01
4.001933623623005332e+01
4.001933623623005332e+01
4.001933623623005332e+01
4.006239019993181927e+01
4.001783864021098225e+01
4.056200562971564239e+01
4.330774434593658384e+01
4.136244415715248124e+01
4.136244415715248124e+01
4.136244415715248124e+01
4.375863761696087550e+01
4.458033902898157663e+01
4.425029879276661404e+01
4.381898146812269346e+01
4.377143245149648720e+01
4.377143245149648720e+01
4.377143245149648720e+01
4.511851510130718168e+01
4.585538483460347692e+01
4.599348644440318168e+01
4.541805018778596548e+01
4.431810887392096276e+01
4.431810887392096276e+01
4.431810887392096276e+01
4.568326058347728491e+01
4.527382215086169026e+01
4.463017128873761408e+01
4.451447476473157394e+01
4.475678770492445580e+01
4.475678770492445580e+01
4.475678770492445580e+01
4.616310873569289441e+01
4.575749758226509556e+01
4.938870299587438950e+01
4.938870299587438950e+01
4.856384480013354477e+01
4.856384480013354477e+01
4.856384480013354477e+01
4.848419660872848880e+01
4.635954036758106156e+01
4.972582537161041927e+01
4.966777888168191879e+01
5.051886170667803100e+01
5.051886170667803100e+01
5.051886170667803100e+01
5.071747252164156095e+01
5.041492805673934896e+01
5.414446856722381796e+01
5.418917066370516267e+01
5.530385087014588663e+01
5.530385087014588663e+01
5.530385087014588663e+01
5.487544563817755972e+01
5.546524477977035161e+01
5.532809041382167692e+01
4.819752421747517701e+01
4.618097868581746468e+01
4.618097868581746468e+01
4.618097868581746468e+01
4.771606758379455471e+01
4.972331543112445473e+01
4.967028882216788332e+01
4.934256345405660937e+01
4.937672063733176486e+01
4.937672063733176486e+01
4.937672063733176486e+01
4.619181906213850652e+01
4.849954808302980069e+01
4.656011987254761664e+01
4.971938805853283583e+01
4.933863608146499047e+01
4.933863608146499047e+01
4.933863608146499047e+01
4.835308640895214438e+01
4.736779653821018599e+01
4.761214014270611017e+01
4.461886913343803940e+01
4.421742240998434426e+01
4.421742240998434426e+01
4.421742240998434426e+01
4.598955907181156277e+01
4.567210285748721077e+01
4.488618517196743340e+01
4.537574242303627869e+01
4.378038409294644850e+01
4.378038409294644850e+01
4.378038409294644850e+01
4.376985688433757815e+01
4.376985688433757815e+01
4.407285342506695969e+01
4.451054739213995504e+01
4.575749758226509556e+01
4.575749758226509556e+01
4.575749758226509556e+01
4.575749758226509556e+01
4.568326058347728491e+01
4.531372562237000068e+01
4.639396342992496614e+01
4.608220921051701424e+01
4.608220921051701424e+01
4.608220921051701424e+01
4.644189454121115546e+01
4.771725339459163706e+01
5.046761149058600182e+01
5.035971756712927316e+01
5.033624425814249292e+01
5.033624425814249292e+01
5.033624425814249292e+01
5.033624425814249292e+01
5.051242439360044756e+01
5.051242439360044756e+01
5.033624425814249292e+01
4.966777888168191879e+01
4.966777888168191879e+01
4.966777888168191879e+01
4.966385150909029988e+01
4.770330816751418013e+01
4.615155952572695242e+01
4.780232508140446157e+01
4.963552725304381141e+01
4.963552725304381141e+01
4.963552725304381141e+01
4.967135622741279377e+01
5.051635176619206646e+01
5.051242439360044756e+01
4.863570259716387767e+01
4.847775720040885261e+01
4.847775720040885261e+01
4.847775720040885261e+01
4.772118076718325597e+01
4.968915824784929924e+01
5.051635176619206646e+01
5.051635176619206646e+01
5.034017163073411183e+01
5.034017163073411183e+01
5.034017163073411183e+01
5.155880600531025237e+01
5.457082341617695675e+01
5.547191097360724399e+01
5.531580445765370513e+01
5.486877944434066734e+01
5.486877944434066734e+01
5.486877944434066734e+01
5.428208988745924302e+01
5.433866771698981069e+01
5.438267830274298120e+01
6.359469520583305524e+01
6.683626973660473425e+01
6.683626973660473425e+01
6.683626973660473425e+01
6.741789164080215357e+01
6.347474705149264906e+01
6.298268430426373499e+01
6.303800377235235430e+01
6.288939851551902649e+01
6.288939851551902649e+01
6.288939851551902649e+01
6.376252485588705810e+01
6.347318318827042560e+01
6.518368823387301347e+01
6.898489075639024293e+01
6.889588670818989158e+01
6.889588670818989158e+01
6.889588670818989158e+01
6.908381785500210981e+01
7.008409600689799390e+01
6.931664113205422950e+01
7.003902000805385342e+01
7.034098256096069690e+01
7.034098256096069690e+01
7.034098256096069690e+01
6.996439774445738635e+01
7.162607398418904836e+01
7.044845463622434067e+01
7.142061194744906061e+01
6.791007884095331804e+01
6.791007884095331804e+01
6.791007884095331804e+01
6.885494978417236211e+01
6.726192407821184815e+01
6.791761882712961551e+01
6.791761882712961551e+01
6.723565334758748691e+01
6.723565334758748691e+01
6.723565334758748691e+01
6.853763332669149122e+01
6.889230936245900239e+01
6.785474662498836551e+01
6.724023018189808454e+01
6.893029054768160790e+01
6.893029054768160790e+01
6.893029054768160790e+01
6.883713886936132553e+01
7.010578542299728610e+01
7.143117495012498352e+01
7.261848626574635546e+01
7.198601254528719551e+01
7.198601254528719551e+01
7.198601254528719551e+01
7.651296505781023427e+01
7.673144128703680167e+01
7.675813561273939456e+01
7.675813561273939456e+01
7.675813561273939456e+01
7.675813561273939456e+01
7.675813561273939456e+01
7.674390766601858616e+01
7.674611119577636487e+01
7.674611119577636487e+01
7.674564733948119510e+01
7.674206645733144683e+01
7.674206645733144683e+01
7.674206645733144683e+01
7.674058376023700134e+01
7.674206645733144683e+01
7.674206645733144683e+01
7.674239976568406973e+01
7.675813561273939456e+01
7.675813561273939456e+01
7.675813561273939456e+01
7.674206645733144683e+01
7.675813561273939456e+01
7.695123389601447172e+01
7.695123389601447172e+01
7.674058376023700134e+01
7.674058376023700134e+01
7.674058376023700134e+01
7.695123389601447172e+01
7.695123389601447172e+01
7.675813561273939456e+01
7.695123389601447172e+01
7.675813561273939456e+01
7.675813561273939456e+01
7.675813561273939456e+01
7.675813561273939456e+01
7.675813561273939456e+01
7.695123389601447172e+01
7.695123389601447172e+01
7.675813561273939456e+01
7.675813561273939456e+01
7.675813561273939456e+01
7.675813561273939456e+01
7.673329177009031810e+01
7.675813561273939456e+01
7.695123389601447172e+01
7.675813561273939456e+01
7.675813561273939456e+01
7.675813561273939456e+01
7.695123389601447172e+01
7.695123389601447172e+01
7.695123389601447172e+01
7.695123389601447172e+01
7.675813561273939456e+01
7.675813561273939456e+01
7.675813561273939456e+01
7.695123389601447172e+01
7.673329177009031810e+01
7.673799656954037118e+01
7.695123389601447172e+01
7.675813561273939456e+01
7.675813561273939456e+01
7.675813561273939456e+01
7.675813561273939456e+01
7.675813561273939456e+01
7.695123389601447172e+01
7.675813561273939456e+01
7.675813561273939456e+01
7.675813561273939456e+01
7.675813561273939456e+01
7.675813561273939456e+01
7.675813561273939456e+01
7.675813561273939456e+01
7.695123389601447172e+01
7.695123389601447172e+01
7.695123389601447172e+01
7.695123389601447172e+01
7.695123389601447172e+01
7.695123389601447172e+01
7.675813561273939456e+01
7.674564733948119510e+01
7.674058376023700134e+01
7.674058376023700134e+01
7.674058376023700134e+01
7.675813561273939456e+01
7.675813561273939456e+01
7.674390766601858616e+01
7.695123389601447172e+01
7.695123389601447172e+01
7.695123389601447172e+01
7.695123389601447172e+01
7.695123389601447172e+01
7.695123389601447172e+01
7.396940433149053717e+01
7.688692793591256702e+01
7.695123389601447172e+01
7.695123389601447172e+01
7.695123389601447172e+01
7.675813561273939456e+01
7.695123389601447172e+01
7.695123389601447172e+01
7.675813561273939456e+01
7.675813561273939456e+01
7.675813561273939456e+01
7.675813561273939456e+01
7.673799656954037118e+01
7.675813561273939456e+01
7.674390766601858616e+01
7.695123389601447172e+01
7.695123389601447172e+01
7.695123389601447172e+01
7.695123389601447172e+01
7.675813561273939456e+01
7.675813561273939456e+01
7.674058376023700134e+01
7.675813561273939456e+01
7.675813561273939456e+01
7.675813561273939456e+01
7.675813561273939456e+01
7.695123389601447172e+01
7.695123389601447172e+01
7.695123389601447172e+01
7.695123389601447172e+01
7.674390766601858616e+01
7.674390766601858616e+01
7.674390766601858616e+01
7.675813561273939456e+01
7.695123389601447172e+01
7.675813561273939456e+01
7.674390766601858616e+01
7.674390766601858616e+01
7.674390766601858616e+01
7.674390766601858616e+01
7.695123389601447172e+01
7.675813561273939456e+01
7.675813561273939456e+01
7.695123389601447172e+01
7.695123389601447172e+01
7.695123389601447172e+01
7.695123389601447172e+01
7.695123389601447172e+01
7.675813561273939456e+01
7.674564733948119510e+01
7.673329177009031810e+01
7.675813561273939456e+01
7.675813561273939456e+01
7.675813561273939456e+01
7.675813561273939456e+01
7.675813561273939456e+01
7.695123389601447172e+01
7.675813561273939456e+01
7.674206645733144683e+01
7.674206645733144683e+01
7.674206645733144683e+01
7.673329177009031810e+01
7.674239976568406973e+01
7.674611119577636487e+01
7.674058376023700134e+01
7.674206645733144683e+01
7.674206645733144683e+01
7.674206645733144683e+01
7.674206645733144683e+01
7.674611119577636487e+01
7.673329177009031810e+01
7.674611119577636487e+01
7.673329177009031810e+01
7.673329177009031810e+01
7.673329177009031810e+01
7.675813561273939456e+01
7.675813561273939456e+01
7.674611119577636487e+01
7.673144128703680167e+01
7.674611119577636487e+01
7.674611119577636487e+01
7.674611119577636487e+01
7.675813561273939456e+01
7.674564733948119510e+01
7.675813561273939456e+01
7.675813561273939456e+01
7.675813561273939456e+01
7.675813561273939456e+01
7.675813561273939456e+01
7.675813561273939456e+01
7.675813561273939456e+01
7.674206645733144683e+01
7.674239976568406973e+01
7.673144128703680167e+01
7.673144128703680167e+01
7.673144128703680167e+01
7.671195359475416353e+01
7.671195359475416353e+01
7.674564733948119510e+01
7.673144128703680167e+01
7.673144128703680167e+01
7.673144128703680167e+01
7.673144128703680167e+01
7.673144128703680167e+01
7.675813561273939456e+01
7.674390766601858616e+01
7.675813561273939456e+01
7.675813561273939456e+01
7.675813561273939456e+01
7.675813561273939456e+01
7.695123389601447172e+01
7.695123389601447172e+01
7.675813561273939456e+01
7.673329177009031810e+01
7.695123389601447172e+01
7.695123389601447172e+01
7.695123389601447172e+01
7.695123389601447172e+01
7.695123389601447172e+01
7.675813561273939456e+01
7.675813561273939456e+01
7.673144128703680167e+01
7.673144128703680167e+01
7.673144128703680167e+01
7.675813561273939456e+01
7.675813561273939456e+01
7.675813561273939456e+01
7.695123389601447172e+01
7.695123389601447172e+01
7.695123389601447172e+01
7.695123389601447172e+01
7.675813561273939456e+01
7.675813561273939456e+01
7.673144128703680167e+01
7.674611119577636487e+01
7.674058376023700134e+01
7.674058376023700134e+01
7.674058376023700134e+01
7.673144128703680167e+01
7.673144128703680167e+01
7.659422658718759180e+01
7.671553094048505272e+01
7.673144128703680167e+01
7.673144128703680167e+01
7.673144128703680167e+01
7.674611119577636487e+01
7.673144128703680167e+01
7.695123389601447172e+01
7.695123389601447172e+01
7.674058376023700134e+01
7.674058376023700134e+01
7.674058376023700134e+01
7.695123389601447172e+01
7.675813561273939456e+01
7.674058376023700134e+01
7.695123389601447172e+01
7.695123389601447172e+01
7.695123389601447172e+01
7.695123389601447172e+01
7.695123389601447172e+01
7.674564733948119510e+01
7.675813561273939456e+01
7.695123389601447172e+01
7.695123389601447172e+01
7.695123389601447172e+01
7.695123389601447172e+01
7.695123389601447172e+01
7.675813561273939456e+01
7.695123389601447172e+01
7.675813561273939456e+01
7.695123389601447172e+01
7.695123389601447172e+01
7.695123389601447172e+01
7.695123389601447172e+01
7.695123389601447172e+01
7.675813561273939456e+01
7.675813561273939456e+01
7.674058376023700134e+01
7.674058376023700134e+01
7.674058376023700134e+01
7.675813561273939456e+01
7.695123389601447172e+01
7.675813561273939456e+01
7.675813561273939456e+01
7.675813561273939456e+01
7.675813561273939456e+01
7.675813561273939456e+01
7.695123389601447172e+01
7.675813561273939456e+01
7.695123389601447172e+01
7.695123389601447172e+01
7.675813561273939456e+01
7.675813561273939456e+01
7.675813561273939456e+01
7.674206645733144683e+01
7.674206645733144683e+01
7.674239976568406973e+01
7.674206645733144683e+01
7.675813561273939456e+01
7.675813561273939456e+01
7.675813561273939456e+01
7.673144128703680167e+01
7.674239976568406973e+01
7.673144128703680167e+01
7.674611119577636487e+01
7.671166613304021098e+01
7.671166613304021098e+01
7.671166613304021098e+01
7.674611119577636487e+01
7.672597363459883013e+01
7.674239976568406973e+01
7.674129301243263512e+01
7.672597363459883013e+01
7.672597363459883013e+01
7.672597363459883013e+01
7.674611119577636487e+01
7.671195359475416353e+01
7.672597363459883013e+01
7.674611119577636487e+01
7.672597363459883013e+01
7.672597363459883013e+01
7.672597363459883013e+01
7.671166613304021098e+01
7.610854677334853591e+01
7.659422658718759180e+01
7.610854677334853591e+01
7.673144128703680167e+01
7.673144128703680167e+01
7.673144128703680167e+01
7.671166613304021098e+01
7.672597363459883013e+01
7.671195359475416353e+01
7.671166613304021098e+01
7.610854677334853591e+01
7.610854677334853591e+01
7.610854677334853591e+01
7.672597363459883013e+01
7.671553094048505272e+01
7.610994191972409340e+01
7.610994191972409340e+01
7.610994191972409340e+01
7.610994191972409340e+01
7.610994191972409340e+01
7.659422658718759180e+01
7.674058376023700134e+01
7.675813561273939456e+01
7.674058376023700134e+01
7.672597363459883013e+01
7.672597363459883013e+01
7.672597363459883013e+01
7.674206645733144683e+01
7.674564733948119510e+01
7.674239976568406973e+01
7.674239976568406973e+01
7.674611119577636487e+01
7.674611119577636487e+01
7.674611119577636487e+01
7.674058376023700134e+01
7.674611119577636487e+01
7.674239976568406973e+01
7.673144128703680167e+01
7.671553094048505272e+01
7.671553094048505272e+01
7.671553094048505272e+01
7.674564733948119510e+01
7.674058376023700134e+01
7.675813561273939456e+01
7.674390766601858616e+01
7.673144128703680167e+01
7.673144128703680167e+01
7.673144128703680167e+01
7.674206645733144683e+01
7.673144128703680167e+01
7.673144128703680167e+01
7.674564733948119510e+01
7.695123389601447172e+01
7.695123389601447172e+01
7.695123389601447172e+01
7.673329177009031810e+01
7.674206645733144683e+01
7.672597363459883013e+01
7.610854677334853591e+01
7.610854677334853591e+01
7.610854677334853591e+01
7.610854677334853591e+01
7.672597363459883013e+01
7.610854677334853591e+01
7.673144128703680167e+01
7.674206645733144683e+01
7.674206645733144683e+01
7.674206645733144683e+01
7.674206645733144683e+01
7.674239976568406973e+01
7.672597363459883013e+01
7.673144128703680167e+01
7.674206645733144683e+01
7.675813561273939456e+01
7.675813561273939456e+01
7.675813561273939456e+01
7.673799656954037118e+01
7.673144128703680167e+01
7.672597363459883013e+01
7.671195359475416353e+01
7.674611119577636487e+01
7.674611119577636487e+01
7.674611119577636487e+01
7.674611119577636487e+01
7.659422658718759180e+01
7.659422658718759180e+01
7.610994191972409340e+01
7.610994191972409340e+01
7.610994191972409340e+01
7.610994191972409340e+01
7.674611119577636487e+01
7.610854677334853591e+01
7.671166613304021098e+01
7.659422658718759180e+01
7.672597363459883013e+01
7.672597363459883013e+01
7.672597363459883013e+01
7.659422658718759180e+01
7.635120789006654718e+01
7.610994191972409340e+01
7.611157822043098520e+01
7.610994191972409340e+01
7.610994191972409340e+01
7.610994191972409340e+01
7.610994191972409340e+01
7.610436487179046594e+01
7.674611119577636487e+01
7.610854677334853591e+01
7.610854677334853591e+01
7.610854677334853591e+01
7.610854677334853591e+01
7.610854677334853591e+01
7.610994191972409340e+01
7.659422658718759180e+01
7.610994191972409340e+01
7.610994191972409340e+01
7.610994191972409340e+01
7.610994191972409340e+01
7.674611119577636487e+01
7.674390766601858616e+01
7.674611119577636487e+01
7.674611119577636487e+01
7.674611119577636487e+01
7.674611119577636487e+01
7.674611119577636487e+01
7.671166613304021098e+01
7.610854677334853591e+01
7.671553094048505272e+01
7.674390766601858616e+01
7.675813561273939456e+01
7.675813561273939456e+01
7.675813561273939456e+01
7.674206645733144683e+01
7.675813561273939456e+01
7.674058376023700134e+01
7.674611119577636487e+01
7.672597363459883013e+01
7.672597363459883013e+01
7.672597363459883013e+01
7.671553094048505272e+01
7.671195359475416353e+01
7.674611119577636487e+01
7.672597363459883013e+01
7.673144128703680167e+01
7.673144128703680167e+01
7.673144128703680167e+01
7.674611119577636487e+01
7.671553094048505272e+01
7.672597363459883013e+01
7.674611119577636487e+01
7.672597363459883013e+01
7.672597363459883013e+01
7.672597363459883013e+01
7.671166613304021098e+01
7.674611119577636487e+01
7.672597363459883013e+01
7.672597363459883013e+01
7.672597363459883013e+01
7.672597363459883013e+01
7.672597363459883013e+01
7.674611119577636487e+01
7.671166613304021098e+01
7.659422658718759180e+01
7.610854677334853591e+01
7.610854677334853591e+01
7.610854677334853591e+01
7.610854677334853591e+01
7.671166613304021098e+01
7.673144128703680167e+01
7.674239976568406973e+01
7.671166613304021098e+01
7.671166613304021098e+01
7.671166613304021098e+01
7.671166613304021098e+01
7.674611119577636487e+01
7.674129301243263512e+01
7.671195359475416353e+01
7.674129301243263512e+01
7.671166613304021098e+01
7.671166613304021098e+01
7.671166613304021098e+01
7.671195359475416353e+01
7.671553094048505272e+01
7.610854677334853591e+01
7.671166613304021098e+01
7.674611119577636487e+01
7.674611119577636487e+01
7.674611119577636487e+01
7.659422658718759180e+01
7.671553094048505272e+01
7.610854677334853591e+01
7.671166613304021098e+01
7.610854677334853591e+01
7.610854677334853591e+01
7.610854677334853591e+01
7.671195359475416353e+01
7.673144128703680167e+01
7.672597363459883013e+01
7.673144128703680167e+01
7.672597363459883013e+01
7.672597363459883013e+01
7.672597363459883013e+01
7.672597363459883013e+01
7.674611119577636487e+01
7.674611119577636487e+01
7.671195359475416353e+01
7.659422658718759180e+01
7.659422658718759180e+01
7.659422658718759180e+01
7.672597363459883013e+01
7.671166613304021098e+01
7.671166613304021098e+01
7.659422658718759180e+01
7.610854677334853591e+01
7.610854677334853591e+01
7.610854677334853591e+01
7.610854677334853591e+01
7.610994191972409340e+01
7.610854677334853591e+01
7.671553094048505272e+01
7.635338418026609020e+01
7.635338418026609020e+01
7.635338418026609020e+01
7.610854677334853591e+01
7.659422658718759180e+01
7.610994191972409340e+01
7.610854677334853591e+01
7.610994191972409340e+01
7.610994191972409340e+01
7.610994191972409340e+01
7.610994191972409340e+01
7.610994191972409340e+01
7.610854677334853591e+01
7.610854677334853591e+01
7.659422658718759180e+01
7.659422658718759180e+01
7.659422658718759180e+01
7.659422658718759180e+01
7.610994191972409340e+01
7.671195359475416353e+01
7.673144128703680167e+01
7.672597363459883013e+01
7.672597363459883013e+01
7.672597363459883013e+01
7.610854677334853591e+01
7.610994191972409340e+01
7.610994191972409340e+01
7.610994191972409340e+01
7.659422658718759180e+01
7.659422658718759180e+01
7.659422658718759180e+01
7.659422658718759180e+01
7.610854677334853591e+01
7.610994191972409340e+01
7.610854677334853591e+01
7.610994191972409340e+01
7.610994191972409340e+01
7.610994191972409340e+01
7.659422658718759180e+01
7.610994191972409340e+01
7.610854677334853591e+01
7.610994191972409340e+01
7.610994191972409340e+01
7.610994191972409340e+01
7.610994191972409340e+01
7.610994191972409340e+01
7.611157822043098520e+01
7.610436487179046594e+01
7.610436487179046594e+01
7.610436487179046594e+01
7.610436487179046594e+01
7.610436487179046594e+01
7.659422658718759180e+01
7.672597363459883013e+01
7.610994191972409340e+01
7.671553094048505272e+01
7.671553094048505272e+01
7.671553094048505272e+01
7.671553094048505272e+01
7.672597363459883013e+01
7.610854677334853591e+01
7.610994191972409340e+01
7.610436487179046594e+01
7.611157822043098520e+01
7.611157822043098520e+01
7.611157822043098520e+01
7.610436487179046594e+01
7.610436487179046594e+01
7.611465304569001944e+01
7.610994191972409340e+01
7.610994191972409340e+01
7.610994191972409340e+01
7.610994191972409340e+01
7.610854677334853591e+01
7.610854677334853591e+01
7.610994191972409340e+01
7.610436487179046594e+01
7.610436487179046594e+01
7.610436487179046594e+01
7.610436487179046594e+01
7.610994191972409340e+01
7.610436487179046594e+01
7.610436487179046594e+01
7.610436487179046594e+01
7.610436487179046594e+01
7.610436487179046594e+01
7.610436487179046594e+01
7.610994191972409340e+01
7.610994191972409340e+01
7.610436487179046594e+01
7.610436487179046594e+01
7.610436487179046594e+01
7.610436487179046594e+01
7.610436487179046594e+01
7.610436487179046594e+01
7.610994191972409340e+01
7.610994191972409340e+01
7.610436487179046594e+01
7.610436487179046594e+01
7.610436487179046594e+01
7.610436487179046594e+01
7.610854677334853591e+01
7.610994191972409340e+01
7.610436487179046594e+01
7.610436487179046594e+01
7.671166613304021098e+01
7.671166613304021098e+01
7.671166613304021098e+01
7.659422658718759180e+01
7.610994191972409340e+01
7.610436487179046594e+01
7.610436487179046594e+01
7.610994191972409340e+01
7.610994191972409340e+01
7.610994191972409340e+01
7.671166613304021098e+01
7.659422658718759180e+01
7.610994191972409340e+01
7.610994191972409340e+01
7.610994191972409340e+01
7.610994191972409340e+01
7.610994191972409340e+01
7.671553094048505272e+01
7.610994191972409340e+01
7.610436487179046594e+01
7.610994191972409340e+01
7.610994191972409340e+01
7.610994191972409340e+01
7.610994191972409340e+01
7.610436487179046594e+01
7.610854677334853591e+01
7.610436487179046594e+01
7.610436487179046594e+01
7.610994191972409340e+01
7.610994191972409340e+01
7.610994191972409340e+01
7.635120789006654718e+01
7.610994191972409340e+01
7.610436487179046594e+01
7.671195359475416353e+01
7.610854677334853591e+01
7.610854677334853591e+01
7.610854677334853591e+01
7.674058376023700134e+01
7.674058376023700134e+01
7.674611119577636487e+01
7.671166613304021098e+01
7.671553094048505272e+01
7.671553094048505272e+01
7.671553094048505272e+01
7.674564733948119510e+01
7.673144128703680167e+01
7.672597363459883013e+01
7.659422658718759180e+01
7.610854677334853591e+01
7.610854677334853591e+01
7.610854677334853591e+01
7.672597363459883013e+01
7.673799656954037118e+01
7.673144128703680167e+01
7.610854677334853591e+01
7.659422658718759180e+01
7.659422658718759180e+01
7.659422658718759180e+01
7.672597363459883013e+01
7.659422658718759180e+01
7.671195359475416353e+01
7.610994191972409340e+01
7.610854677334853591e+01
7.610854677334853591e+01
7.610854677334853591e+01
7.672597363459883013e+01
7.674611119577636487e+01
7.610854677334853591e+01
7.610854677334853591e+01
7.610436487179046594e+01
7.610436487179046594e+01
7.610436487179046594e+01
7.610994191972409340e+01
7.671166613304021098e+01
7.610854677334853591e+01
7.635120789006654718e+01
7.671195359475416353e+01
7.671195359475416353e+01
7.671195359475416353e+01
7.671166613304021098e+01
7.610994191972409340e+01
7.610436487179046594e+01
7.610994191972409340e+01
7.610994191972409340e+01
7.610994191972409340e+01
7.610994191972409340e+01
7.659422658718759180e+01
7.610854677334853591e+01
7.659422658718759180e+01
7.671166613304021098e+01
7.672597363459883013e+01
7.672597363459883013e+01
7.672597363459883013e+01
7.610994191972409340e+01
7.610854677334853591e+01
7.671195359475416353e+01
7.671195359475416353e+01
7.671195359475416353e+01
7.671195359475416353e+01
7.671195359475416353e+01
7.610854677334853591e+01
7.610994191972409340e+01
7.610994191972409340e+01
7.611157822043098520e+01
7.610436487179046594e+01
7.610436487179046594e+01
7.610436487179046594e+01
7.672597363459883013e+01
7.672597363459883013e+01
7.659422658718759180e+01
7.671553094048505272e+01
7.671166613304021098e+01
7.671166613304021098e+01
7.671166613304021098e+01
7.671195359475416353e+01
7.610854677334853591e+01
7.671166613304021098e+01
7.672597363459883013e+01
7.635120789006654718e+01
7.635120789006654718e+01
7.635120789006654718e+01
7.635120789006654718e+01
7.610854677334853591e+01
7.659422658718759180e+01
7.610854677334853591e+01
7.672597363459883013e+01
7.672597363459883013e+01
7.672597363459883013e+01
7.674206645733144683e+01
7.671166613304021098e+01
7.672597363459883013e+01
7.674239976568406973e+01
7.673144128703680167e+01
7.673144128703680167e+01
7.673144128703680167e+01
7.672597363459883013e+01
7.635120789006654718e+01
7.610854677334853591e+01
7.659422658718759180e+01
7.659422658718759180e+01
7.659422658718759180e+01
7.659422658718759180e+01
7.610994191972409340e+01
7.610994191972409340e+01
7.610994191972409340e+01
7.610854677334853591e+01
7.659422658718759180e+01
7.659422658718759180e+01
7.659422658718759180e+01
7.610854677334853591e+01
7.610994191972409340e+01
7.610994191972409340e+01
7.610994191972409340e+01
7.610854677334853591e+01
7.610854677334853591e+01
7.610854677334853591e+01
7.610854677334853591e+01
7.671166613304021098e+01
7.671195359475416353e+01
7.673144128703680167e+01
7.659422658718759180e+01
7.659422658718759180e+01
7.659422658718759180e+01
7.672597363459883013e+01
7.659422658718759180e+01
7.659422658718759180e+01
7.610994191972409340e+01
7.610854677334853591e+01
7.610854677334853591e+01
7.610854677334853591e+01
7.635120789006654718e+01
7.659422658718759180e+01
7.610994191972409340e+01
7.610994191972409340e+01
7.610854677334853591e+01
7.610854677334853591e+01
7.610854677334853591e+01
7.610854677334853591e+01
7.610854677334853591e+01
7.671166613304021098e+01
7.610854677334853591e+01
7.672597363459883013e+01
7.672597363459883013e+01
7.672597363459883013e+01
7.671166613304021098e+01
7.672597363459883013e+01
7.674611119577636487e+01
7.610854677334853591e+01
