5.258080798527180377e+01
5.189106369724313339e+01
5.136180429023440297e+01
5.091561797054361449e+01
5.052251993161388555e+01
5.016713213913832448e+01
4.984031933536122239e+01
4.953612939448627372e+01
4.925042795581542521e+01
4.898020481648958224e+01
4.872318751650020374e+01
4.847761058046880578e+01
4.824207001850686538e+01
4.801542748101005031e+01
4.779674480468682418e+01
4.758523794108722882e+01
4.738024368255183560e+01
4.718119509172940695e+01
4.698760300400680023e+01
4.679904186322777093e+01
4.661513871102342677e+01
4.643556451181827782e+01
4.626002723506096004e+01
4.608826627827664879e+01
4.592004792635903243e+01
4.575516162106109164e+01
4.559341687070320859e+01
4.543464067072243751e+01
4.527867533549395063e+01
4.512537666401009062e+01
4.497461237865596928e+01
4.482626078897254729e+01
4.468020964200431422e+01
4.453635512834317467e+01
4.439460101884718313e+01
4.425485791163084315e+01
4.411704257258460871e+01
4.398107735560541443e+01
4.384688969106943546e+01
4.371441163297916432e+01
4.358357945676274880e+01
4.345433330096861368e+01
4.332661684713833239e+01
4.320037703300040732e+01
4.307556379484165632e+01
4.295212983550817398e+01
4.283003041498677987e+01
4.270922316093761140e+01
4.258966789690265387e+01
4.247132648621568052e+01
4.235416268989439459e+01
4.223814203701373060e+01
4.212323170624611635e+01
4.200940041741496600e+01
4.189661833204597485e+01
4.178485696202010047e+01
4.167408908553608171e+01
4.156428866967990388e+01
4.145543079897727523e+01
4.134749160937365531e+01
4.124044822714613900e+01
4.113427871230436494e+01
4.102896200608365973e+01
4.092447788217445748e+01
4.082080690136825751e+01
4.071793036933183885e+01
4.061583029725026250e+01
4.051448936510367105e+01
4.041389088736589486e+01
4.031401878093232938e+01
4.021485753510249594e+01
4.011639218345881375e+01
4.001860827749696625e+01
3.992149186187658216e+01
3.982502945117201421e+01
3.972920800801360031e+01
3.963401492251914249e+01
3.953943799292365213e+01
3.944546540732321205e+01
3.935208572645554170e+01
3.925928786744626109e+01
3.916706108845549750e+01
3.907539497416448171e+01
3.898427942204685337e+01
3.889370462937323225e+01
3.880366108090186827e+01
3.871413953721160084e+01
3.862513102363654838e+01
3.853662681976517490e+01
3.844861844946874641e+01
3.836109767142716009e+01
3.827405647012191992e+01
3.818748704726859700e+01
3.810138181366268384e+01
3.801573338141489700e+01
3.793053455655329742e+01
3.784577833197126751e+01
3.776145788070195408e+01
3.767756654950061090e+01
3.759409785271807181e+01
3.751104546644920390e+01
3.742840322294139810e+01
3.734616510524925559e+01
3.726432524212218311e+01
3.718287790311266860e+01
3.710181749389383299e+01
3.702113855177513813e+01
3.694083574140641701e+01
3.686090385066039232e+01
3.678133778668486542e+01
3.670213257211601388e+01
3.662328334144487485e+01
3.654478533752955371e+01
3.646663390824591033e+01
3.638882450327031393e+01
3.631135267098790109e+01
3.623421405552059582e+01
3.615740439386918581e+01
3.608091951316414026e+01
3.600475532802018108e+01
3.592890783798988252e+01
3.585337312511173735e+01
3.577814735154854020e+01
3.570322675731193840e+01
3.562860765806942709e+01
3.555428644303015062e+01
3.548025957290604282e+01
3.540652357794508731e+01
3.533307505603357157e+01
3.525991067086442854e+01
3.518702715016887339e+01
3.511442128400862828e+01
3.504208992312632631e+01
3.497002997735158658e+01
3.489823841406047933e+01
3.482671225668634207e+01
3.475544858327971554e+01
3.468444452511549514e+01
3.461369726534547908e+01
3.454320403769437320e+01
3.447296212519773206e+01
3.440296885898002444e+01
3.433322161707141618e+01
3.426371782326168614e+01
3.419445494598993207e+01
3.412543049726862421e+01
3.405664203164081982e+01
3.398808714516921725e+01
3.391976347445589113e+01
3.385166869569161463e+01
3.378380052373361764e+01
3.371615671121082869e+01
3.364873504765550649e+01
3.358153335866042255e+01
3.351454950506062147e+01
3.344778138213887075e+01
3.338122691885402560e+01
3.331488407709146315e+01
3.324875085093481175e+01
3.318282526595832849e+01
3.311710537853905123e+01
3.305158927518822054e+01
3.298627507190124675e+01
3.292116091352549745e+01
3.285624497314555015e+01
3.279152545148510001e+01
3.272700057632502535e+01
3.266266860193723431e+01
3.259852780853349685e+01
3.253457650172906312e+01
3.247081301202040038e+01
3.240723569427666462e+01
3.234384292724442389e+01
3.228063311306531347e+01
3.221760467680609707e+01
3.215475606600081449e+01
3.209208575020460330e+01
3.202959222055886812e+01
3.196727398936744180e+01
3.190512958968330892e+01
3.184315757490576004e+01
3.178135651838745446e+01
3.171972501305123515e+01
3.165826167101634425e+01
3.159696512323374762e+01
3.153583401913035544e+01
3.147486702626179422e+01
3.141406282997356669e+01
3.135342013307027997e+01
3.129293765549275719e+01
3.123261413400277320e+01
3.117244832187522618e+01
3.111243898859748924e+01
3.105258491957578926e+01
3.099288491584837857e+01
3.093333779380530402e+01
3.087394238491461707e+01
3.081469753545482604e+01
3.075560210625343771e+01
3.069665497243135732e+01
3.063785502315308662e+01
3.057920116138247124e+01
3.052069230364390151e+01
3.046232737978879257e+01
3.040410533276722305e+01
3.034602511840453687e+01
3.028808570518288334e+01
3.023028607402746459e+01
3.017262521809737663e+01
3.011510214258101925e+01
3.005771586449581534e+01
3.000046541249222543e+01
2.994334982666193667e+01
2.988636815835005578e+01
2.982951946997129156e+01
2.977280283482993539e+01
2.971621733694363598e+01
2.965976207087078365e+01
2.960343614154147573e+01
2.954723866409194599e+01
2.949116876370237250e+01
2.943522557543799678e+01
2.937940824409344742e+01
2.932371592404019722e+01
2.926814777907711118e+01
2.921270298228393258e+01
2.915738071587772851e+01
2.910218017107216681e+01
2.904710054793953233e+01
2.899214105527549279e+01
2.893730091046651864e+01
2.888257933935980759e+01
2.882797557613583450e+01
2.877348886318326393e+01
2.871911845097633886e+01
2.866486359795455741e+01
2.861072357040468717e+01
2.855669764234498587e+01
2.850278509541164240e+01
2.844898521874730690e+01
2.839529730889173464e+01
2.834172066967449766e+01
2.828825461210962544e+01
2.823489845429227429e+01
2.818165152129719431e+01
2.812851314507918943e+01
2.807548266437528639e+01
2.802255942460873328e+01
2.796974277779474249e+01
2.791703208244791057e+01
2.786442670349133266e+01
2.781192601216731219e+01
2.775952938594970831e+01
2.770723620845776836e+01
2.765504586937158393e+01
2.760295776434891479e+01
2.755097129494362562e+01
2.749908586852539116e+01
2.744730089820092900e+01
2.739561580273650776e+01
2.734403000648185511e+01
2.729254293929534114e+01
2.724115403647049405e+01
2.718986273866368109e+01
2.713866849182312535e+01
2.708757074711903812e+01
2.703656896087501949e+01
2.698566259450052485e+01
2.693485111442452862e+01
2.688413399203027154e+01
2.683351070359108803e+01
2.678298073020733483e+01
2.673254355774428959e+01
2.668219867677115076e+01
2.663194558250101096e+01
2.658178377473178600e+01
2.653171275778812799e+01
2.648173204046429774e+01
2.643184113596790752e+01
2.638203956186465149e+01
2.633232684002384261e+01
2.628270249656488033e+01
2.623316606180450350e+01
2.618371707020499883e+01
2.613435506032309164e+01
2.608507957475972816e+01
2.603589016011063606e+01
2.598678636691763444e+01
2.593776774962072551e+01
2.588883386651092877e+01
2.583998427968385769e+01
2.579121855499393590e+01
2.574253626200946954e+01
2.569393697396825615e+01
2.564542026773397865e+01
2.559698572375316772e+01
2.554863292601294233e+01
2.550036146199926890e+01
2.545217092265592029e+01
2.540406090234402825e+01
2.535603099880226807e+01
2.530808081310756918e+01
2.526020994963650423e+01
2.521241801602720756e+01
2.516470462314181233e+01
2.511706938502951303e+01
2.506951191889015007e+01
2.502203184503828837e+01
2.497462878686789622e+01
2.492730237081743994e+01
2.488005222633558944e+01
2.483287798584731121e+01
2.478577928472058289e+01
2.473875576123342768e+01
2.469180705654155972e+01
2.464493281464643104e+01
2.459813268236369055e+01
2.455140630929220791e+01
2.450475334778339942e+01
2.445817345291107969e+01
2.441166628244172543e+01
2.436523149680510514e+01
2.431886875906537071e+01
2.427257773489252912e+01
2.422635809253432981e+01
2.418020950278848602e+01
2.413413163897537217e+01
2.408812417691099483e+01
2.404218679488041488e+01
2.399631917361147870e+01
2.395052099624895448e+01
2.390479194832896681e+01
2.385913171775382580e+01
2.381353999476716510e+01
2.376801647192944245e+01
2.372256084409371013e+01
2.367717280838180471e+01
2.363185206416076412e+01
2.358659831301963195e+01
2.354141125874646079e+01
2.349629060730578800e+01
2.345123606681623585e+01
2.340624734752853087e+01
2.336132416180373639e+01
2.331646622409179770e+01
2.327167325091037853e+01
2.322694496082396398e+01
2.318228107442319796e+01
2.313768131430456165e+01
2.309314540505024738e+01
2.304867307320831316e+01
2.300426404727310015e+01
2.295991805766591654e+01
2.291563483671589907e+01
2.287141411864119078e+01
2.282725563953034253e+01
2.278315913732390641e+01
2.273912435179632041e+01
2.269515102453796729e+01
2.265123889893748910e+01
2.260738772016433984e+01
2.256359723515149440e+01
2.251986719257843816e+01
2.247619734285432003e+01
2.243258743810135059e+01
2.238903723213836372e+01
2.234554648046464109e+01
2.230211494024384677e+01
2.225874237028823899e+01
2.221542853104305237e+01
2.217217318457102238e+01
2.212897609453719383e+01
2.208583702619377931e+01
2.204275574636536561e+01
2.199973202343413448e+01
2.195676562732536041e+01
2.191385632949307194e+01
2.187100390290584784e+01
2.182820812203281946e+01
2.178546876282979383e+01
2.174278560272559702e+01
2.170015842060854538e+01
2.165758699681309452e+01
2.161507111310658757e+01
2.157261055267623107e+01
2.153020510011624111e+01
2.148785454141500395e+01
2.144555866394253485e+01
2.140331725643802940e+01
2.136113010899751430e+01
2.131899701306167572e+01
2.127691776140390090e+01
2.123489214811830550e+01
2.119291996860800253e+01
2.115100101957349921e+01
2.110913509900121454e+01
2.106732200615208228e+01
2.102556154155035273e+01
2.098385350697247986e+01
2.094219770543614345e+01
2.090059394118940617e+01
2.085904201969996308e+01
2.081754174764453325e+01
2.077609293289840053e+01
2.073469538452496153e+01
2.069334891276555055e+01
2.065205332902923629e+01
2.061080844588279604e+01
2.056961407704078226e+01
2.052847003735575981e+01
2.048737614280851460e+01
2.044633221049851812e+01
2.040533805863438488e+01
2.036439350652451452e+01
2.032349837456779085e+01
2.028265248424435896e+01
2.024185565810657295e+01
2.020110771976998620e+01
2.016040849390445544e+01
2.011975780622534415e+01
2.007915548348479007e+01
2.003860135346312177e+01
1.999809524496034641e+01
1.995763698778765871e+01
1.991722641275916317e+01
1.987686335168358198e+01
1.983654763735609805e+01
1.979627910355027609e+01
1.975605758501006903e+01
1.971588291744190968e+01
1.967575493750684501e+01
1.963567348281284097e+01
1.959563839190707313e+01
1.955564950426839488e+01
1.951570666029974888e+01
1.947580970132078448e+01
1.943595846956051787e+01
1.939615280815001341e+01
1.935639256111519302e+01
1.931667757336973068e+01
1.927700769070795417e+01
1.923738275979788170e+01
1.919780262817433680e+01
1.915826714423202048e+01
1.911877615721881796e+01
1.907932951722908399e+01
1.903992707519692829e+01
1.900056868288975664e+01
1.896125419290165581e+01
1.892198345864703413e+01
1.888275633435421952e+01
1.884357267505910727e+01
1.880443233659897118e+01
1.876533517560623920e+01
1.872628104950238281e+01
1.868726981649182761e+01
1.864830133555598479e+01
1.860937546644725415e+01
1.857049206968319055e+01
1.853165100654063480e+01
1.849285213904993697e+01
1.845409532998927205e+01
1.841538044287894849e+01
1.837670734197580202e+01
1.833807589226766765e+01
1.829948595946785161e+01
1.826093741000969572e+01
1.822243011104119148e+01
1.818396393041964387e+01
1.814553873670633521e+01
1.810715439916136660e+01
1.806881078773837856e+01
1.803050777307947072e+01
1.799224522651010005e+01
1.795402302003400763e+01
1.791584102632828035e+01
1.787769911873833450e+01
1.783959717127306988e+01
1.780153505859998120e+01
1.776351265604036200e+01
1.772552983956453687e+01
1.768758648578714343e+01
1.764968247196246409e+01
1.761181767597975778e+01
1.757399197635872667e+01
1.753620525224490478e+01
1.749845738340521706e+01
1.746074825022347454e+01
1.742307773369596902e+01
1.738544571542706763e+01
1.734785207762491410e+01
1.731029670309708735e+01
1.727277947524635238e+01
1.723530027806646103e+01
1.719785899613791713e+01
1.716045551462387664e+01
1.712308971926601231e+01
1.708576149638045649e+01
1.704847073285375103e+01
1.701121731613884691e+01
1.697400113425118207e+01
1.693682207576468102e+01
1.689968002980793216e+01
1.686257488606029398e+01
1.682550653474808655e+01
1.678847486664076172e+01
1.675147977304724378e+01
1.671452114581208548e+01
1.667759887731187973e+01
1.664071286045154352e+01
1.660386298866071542e+01
1.656704915589017446e+01
1.653027125660825192e+01
1.649352918579731408e+01
1.645682283895028775e+01
1.642015211206714298e+01
1.638351690165149677e+01
1.634691710470719528e+01
1.631035261873492459e+01
1.627382334172886402e+01
1.623732917217337501e+01
1.620087000903971131e+01
1.616444575178274334e+01
1.612805630033773951e+01
1.609170155511713318e+01
1.605538141700736787e+01
1.601909578736573536e+01
1.598284456801725639e+01
1.594662766125156850e+01
1.591044496981986356e+01
1.587429639693183248e+01
1.583818184625265957e+01
1.580210122190003119e+01
1.576605442844111593e+01
1.573004137088969401e+01
1.569406195470317300e+01
1.565811608577973857e+01
1.562220367045545544e+01
1.558632461550141812e+01
1.555047882812095850e+01
1.551466621594680362e+01
1.547888668703834014e+01
1.544314014987883610e+01
1.540742651337268398e+01
1.537174568684275755e+01
1.533609758002768331e+01
1.530048210307918310e+01
1.526489916655942380e+01
1.522934868143840959e+01
1.519383055909137425e+01
1.515834471129623751e+01
1.512289105023099012e+01
1.508746948847119285e+01
1.505207993898745400e+01
1.501672231514296385e+01
1.498139653069095090e+01
1.494610249977230865e+01
1.491084013691310162e+01
1.487560935702217080e+01
1.484041007538874624e+01
1.480524220768006671e+01
1.477010566993899943e+01
1.473500037858173783e+01
1.469992625039546397e+01
1.466488320253603916e+01
1.462987115252573744e+01
1.459489001825097176e+01
1.455993971796004871e+01
1.452502017026093029e+01
1.449013129411905254e+01
1.445527300885509447e+01
1.442044523414282509e+01
1.438564789000692912e+01
1.435088089682088963e+01
1.431614417530480665e+01
1.428143764652337921e+01
1.424676123188370980e+01
1.421211485313330769e+01
1.417749843235800000e+01
1.414291189197986398e+01
1.410835515475523749e+01
1.407382814377268687e+01
1.403933078245100319e+01
1.400486299453724826e+01
1.397042470410475801e+01
1.393601583555119561e+01
1.390163631359664009e+01
1.386728606328164659e+01
1.383296500996531364e+01
1.379867307932345000e+01
1.376441019734664195e+01
1.373017629033843434e+01
1.369597128491344051e+01
1.366179510799552332e+01
1.362764768681599747e+01
1.359352894891178209e+01
1.355943882212363150e+01
1.352537723459434460e+01
1.349134411476700990e+01
1.345733939138322199e+01
1.342336299348140471e+01
1.338941485039499213e+01
1.335549489175078719e+01
1.332160304746723511e+01
1.328773924775273230e+01
1.325390342310395653e+01
1.322009550430417590e+01
1.318631542242165722e+01
1.315256310880793222e+01
1.311883849509628419e+01
1.308514151320004260e+01
1.305147209531100572e+01
1.301783017389786323e+01
1.298421568170461882e+01
1.295062855174897010e+01
1.291706871732083783e+01
1.288353611198074589e+01
1.285003066955830775e+01
1.281655232415072732e+01
1.278310101012124278e+01
1.274967666209768424e+01
1.271627921497091052e+01
1.268290860389340935e+01
1.264956476427774845e+01
1.261624763179518283e+01
1.258295714237416263e+01
1.254969323219892630e+01
1.251645583770805814e+01
1.248324489559306016e+01
1.245006034279698071e+01
1.241690211651295783e+01
1.238377015418292615e+01
1.235066439349612466e+01
1.231758477238782490e+01
1.228453122903793115e+01
1.225150370186962334e+01
1.221850212954805670e+01
1.218552645097899045e+01
1.215257660530750172e+01
1.211965253191664971e+01
1.208675417042619671e+01
1.205388146069129363e+01
1.202103434280121519e+01
1.198821275707809519e+01
1.195541664407561910e+01
1.192264594457781612e+01
1.188990059959778733e+01
1.185718055037644802e+01
1.182448573838136241e+01
1.179181610530544333e+01
1.175917159306579407e+01
1.172655214380248623e+01
1.169395769987734468e+01
1.166138820387279651e+01
1.162884359859065597e+01
1.159632382705098763e+01
1.156382883249090554e+01
1.153135855836342927e+01
1.149891294833635413e+01
1.146649194629110724e+01
1.143409549632158217e+01
1.140172354273305189e+01
1.136937603004103892e+01
1.133705290297019985e+01
1.130475410645322398e+01
1.127247958562975327e+01
1.124022928584528103e+01
1.120800315265005764e+01
1.117580113179808166e+01
1.114362316924594154e+01
1.111146921115183517e+01
1.107933920387446847e+01
1.104723309397204645e+01
1.101515082820122160e+01
1.098309235351604940e+01
1.095105761706699354e+01
1.091904656619988145e+01
1.088705914845493083e+01
1.085509531156569807e+01
1.082315500345812609e+01
1.079123817224952830e+01
1.075934476624761515e+01
1.072747473394952067e+01
1.069562802404080770e+01
1.066380458539455844e+01
1.063200436707034413e+01
1.060022731831334397e+01
1.056847338855333618e+01
1.053674252740380979e+01
1.050503468466101253e+01
1.047334981030304135e+01
1.044168785448884762e+01
1.041004876755744135e+01
1.037843250002687512e+01
1.034683900259342693e+01
1.031526822613062677e+01
1.028372012168841820e+01
1.025219464049226303e+01
1.022069173394223895e+01
1.018921135361219399e+01
1.015775345124885121e+01
1.012631797877097029e+01
1.009490488826848065e+01
1.006351413200162170e+01
1.003214566240010441e+01
1.000079943206227995e+01
9.969475393754279935e+00
9.938173500409199335e+00
9.906893705126279315e+00
9.875635961170068811e+00
9.844400221969642928e+00
9.813186441117743186e+00
9.781994572370003027e+00
9.750824569644187534e+00
9.719676387019298147e+00
9.688549978734883439e+00
9.657445299190193566e+00
9.626362302943448412e+00
9.595300944710992042e+00
9.564261179366617682e+00
9.533242961940729288e+00
9.502246247619581254e+00
9.471270991744596301e+00
9.440317149811519926e+00
9.409384677469752489e+00
9.378473530521546309e+00
9.347583664921323532e+00
9.316715036774908754e+00
9.285867602338797155e+00
9.255041318019458174e+00
9.224236140372603643e+00
9.193452026102470143e+00
9.162688932061108460e+00
9.131946815247687255e+00
9.101225632807789623e+00
9.070525342032688343e+00
9.039845900358706388e+00
9.009187265366499275e+00
8.978549394780330317e+00
8.947932246467495077e+00
8.917335778437525562e+00
8.886759948841607581e+00
8.856204715971863095e+00
8.825670038260710726e+00
8.795155874280183639e+00
8.764662182741318475e+00
8.734188922493444807e+00
8.703736052523588285e+00
8.673303531955774304e+00
8.642891320050452464e+00
8.612499376203807344e+00
8.582127659947133225e+00
8.551776130946244336e+00
8.521444749000806951e+00
8.491133474043728313e+00
8.460842266140559786e+00
8.430571085488857364e+00
8.400319892417570600e+00
8.370088647386474179e+00
8.339877310985514214e+00
8.309685843934246918e+00
8.279514207081227539e+00
8.249362361403399291e+00
8.219230268005546236e+00
8.189117888119689326e+00
8.159025183104482437e+00
8.128952114444651045e+00
8.098898643750452209e+00
8.068864732757020874e+00
8.038850343323893810e+00
8.008855437434355906e+00
7.978879977194978323e+00
7.948923924834943477e+00
7.918987242705604501e+00
7.889069893279852863e+00
7.859171839151578354e+00
7.829293043035193023e+00
7.799433467764977479e+00
7.769593076294647460e+00
7.739771831696756976e+00
7.709969697162165403e+00
7.680186635999540101e+00
7.650422611634802195e+00
7.620677587610607873e+00
7.590951527585829695e+00
7.561244395335059210e+00
7.531556154748045628e+00
7.501886769829233970e+00
7.472236204697196627e+00
7.442604423584214146e+00
7.412991390835685479e+00
7.383397070909651916e+00
7.353821428376356550e+00
7.324264427917647424e+00
7.294726034326579622e+00
7.265206212506875261e+00
7.235704927472447423e+00
7.206222144346924097e+00
7.176757828363150793e+00
7.147311944862714483e+00
7.117884459295510169e+00
7.088475337219200867e+00
7.059084544298805497e+00
7.029712046306173079e+00
7.000357809119577723e+00
6.971021798723221252e+00
6.941703981206778451e+00
6.912404322764942322e+00
6.883122789696969335e+00
6.853859348406231788e+00
6.824613965399763060e+00
6.795386607287802860e+00
6.766177240783363800e+00
6.736985832701790855e+00
6.707812349960299514e+00
6.678656759577584978e+00
6.649519028673338994e+00
6.620399124467823526e+00
6.591297014281472855e+00
6.562212665534445932e+00
6.533146045746178743e+00
6.504097122535000608e+00
6.475065863617693651e+00
6.446052236809073577e+00
6.417056210021570450e+00
6.388077751264830795e+00
6.359116828645291264e+00
6.330173410365766529e+00
6.301247464725058478e+00
6.272338960117522788e+00
6.243447865032713651e+00
6.214574148054929026e+00
6.185717777862834055e+00
6.156878723229091577e+00
6.128056953019928699e+00
6.099252436194753102e+00
6.070465141805783560e+00
6.041695038997637823e+00
6.012942097006963138e+00
5.984206285162038341e+00
5.955487572882411484e+00
5.926785929678494824e+00
5.898101325151223762e+00
5.869433728991630517e+00
5.840783110980503068e+00
5.812149440988036986e+00
5.783532688973409108e+00
5.754932824984450690e+00
5.726349819157263710e+00
5.697783641715851388e+00
5.669234262971805549e+00
5.640701653323873188e+00
5.612185783257636729e+00
5.583686623345180067e+00
5.555204144244683562e+00
5.526738316700111397e+00
5.498289111540834995e+00
5.469856499681313267e+00
5.441440452120716031e+00
5.413040939942582952e+00
5.384657934314510896e+00
5.356291406487777351e+00
5.327941327797013571e+00
5.299607669659870623e+00
5.271290403576678330e+00
5.242989501130111307e+00
5.214704933984855018e+00
5.186436673887271809e+00
5.158184692665088278e+00
5.129948962227061315e+00
5.101729454562601518e+00
5.073526141741567130e+00
5.045338995913802194e+00
5.017167989308923381e+00
4.989013094235936308e+00
4.960874283082951308e+00
4.932751528316856593e+00
4.904644802483012711e+00
4.876554078204897280e+00
4.848479328183891823e+00
4.820420525198841233e+00
4.792377642105854818e+00
4.764350651837943929e+00
4.736339527404744842e+00
4.708344241892184812e+00
4.680364768462204950e+00
4.652401080352447593e+00
4.624453150875993401e+00
4.596520953420991873e+00
4.568604461450433973e+00
4.540703648501825285e+00
4.512818488186894683e+00
4.484948954191317227e+00
4.457095020274401520e+00
4.429256660268848123e+00
4.401433848080394284e+00
4.373626557687579464e+00
4.345834763141446899e+00
4.318058438565259394e+00
4.290297558154222202e+00
4.262552096175191707e+00
4.234822026966405417e+00
4.207107324937240378e+00
4.179407964567865008e+00
4.151723920408997515e+00
4.124055167081664308e+00
4.096401679276901575e+00
4.068763431755456850e+00
4.041140399347597167e+00
4.013532556952753794e+00
3.985939879539309061e+00
3.958362342144333468e+00
3.930799919873280146e+00
3.903252587899778803e+00
3.875720321465330187e+00
3.848203095879064506e+00
3.820700886517478523e+00
3.793213668824193974e+00
3.765741418309673350e+00
3.738284110550985417e+00
3.710841721191570741e+00
3.683414225940936149e+00
3.656001600574434462e+00
3.628603820933037127e+00
3.601220862923042887e+00
3.573852702515871727e+00
3.546499315747766445e+00
3.519160678719615021e+00
3.491836767596652180e+00
3.464527558608232027e+00
3.437233028047614880e+00
3.409953152271668841e+00
3.382687907700692165e+00
3.355437270818136142e+00
3.328201218170391940e+00
3.300979726366527700e+00
3.273772772078089588e+00
3.246580332038838890e+00
3.219402383044524640e+00
3.192238901952677566e+00
3.165089865682340076e+00
3.137955251213867314e+00
3.110835035588692676e+00
3.083729195909114651e+00
3.056637709338012598e+00
3.029560553098704645e+00
3.002497704474684781e+00
2.975449140809374171e+00
2.948414839505936413e+00
2.921394778027064376e+00
2.894388933894724403e+00
2.867397284689971571e+00
2.840419808052722317e+00
2.813456481681498644e+00
2.786507283333293117e+00
2.759572190823284643e+00
2.732651182024675052e+00
2.705744234868433296e+00
2.678851327343103605e+00
2.651972437494613644e+00
2.625107543426025813e+00
2.598256623297373835e+00
2.571419655325421161e+00
2.544596617783469128e+00
2.517787489001150902e+00
2.490992247364218315e+00
2.464210871314371332e+00
2.437443339348995153e+00
2.410689630021010998e+00
2.383949721938670052e+00
2.357223593765318981e+00
2.330511224219250721e+00
2.303812592073470000e+00
2.277127676155494385e+00
2.250456455347183748e+00
2.223798908584548428e+00
2.197155014857493427e+00
2.170524753209740254e+00
2.143908102738500077e+00
2.117305042594388453e+00
2.090715551981183751e+00
2.064139610155642401e+00
2.037577196427321269e+00
2.011028290158378695e+00
1.984492870763418182e+00
1.957970917709239700e+00
1.931462410514718897e+00
1.904967328750572619e+00
1.878485652039238119e+00
1.852017360054588835e+00
1.825562432521884659e+00
1.799120849217466400e+00
1.772692589968649202e+00
1.746277634653523592e+00
1.719875963200756530e+00
1.693487555589484828e+00
1.667112391849009612e+00
1.640750452058760800e+00
1.614401716348027094e+00
1.588066164895820975e+00
1.561743777930679755e+00
1.535434535730530570e+00
1.509138418622477218e+00
1.482855406982665158e+00
1.456585481236061241e+00
1.430328621856347127e+00
1.404084809365684805e+00
1.377854024334624228e+00
1.351636247381854616e+00
1.325431459174083670e+00
1.299239640425859932e+00
1.273060771899416466e+00
1.246894834404500330e+00
1.220741808798194938e+00
1.194601675984770850e+00
1.168474416915536551e+00
1.142360012588653717e+00
1.116258444048980891e+00
1.090169692387881639e+00
1.064093738743167705e+00
1.038030564298800584e+00
1.011980150284863100e+00
9.859424779773107161e-01
9.599175286978294253e-01
9.339052838137362755e-01
9.079057247377448903e-01
8.819188329278659921e-01
8.559445898872510838e-01
8.299829771639863907e-01
8.040339763510075954e-01
7.780975690859008864e-01
7.521737370507821652e-01
7.262624619721194108e-01
7.003637256205905715e-01
6.744775098109485612e-01
6.486037964018578350e-01
6.227425672957451752e-01
5.968938044386575825e-01
5.710574898201272731e-01
5.452336054730153592e-01
5.194221334733128970e-01
4.936230559400982543e-01
4.678363550353239475e-01
4.420620129637100604e-01
4.163000119725097647e-01
3.905503343515377424e-01
3.648129624328362297e-01
3.390878785906821236e-01
3.133750652413738180e-01
2.876745048430890961e-01
2.619861798957785481e-01
2.363100729409879364e-01
2.106461665617942458e-01
1.849944433825569945e-01
1.593548860688613900e-01
1.337274773273620099e-01
1.081121999056620098e-01
8.250903659212838193e-02
5.691797021579958482e-02
3.133898364625054000e-02
5.772059793429207275e-03
-1.978281839244289131e-02
-4.532566792099856912e-02
-7.085650576192392691e-02
-9.637534884501519628e-02
-1.218822140603066373e-01
-1.473771182582979122e-01
-1.728600782499611910e-01
-1.983311108069614193e-01
-2.237902326617060567e-01
-2.492374605075866612e-01
-2.746728109989504674e-01
