5.465198355145113140e+01
5.465197673824425806e+01
5.465197151028673517e+01
5.465196710291465365e+01
5.254996221983718385e+01
5.277995870938155321e+01
5.173195448116957351e+01
4.952595447623404112e+01
4.702795065410276720e+01
4.702794798487271777e+01
4.702794544608827465e+01
4.829394202040458595e+01
4.773793969388570702e+01
4.680193645511861433e+01
4.881993629487426034e+01
5.100593520554352267e+01
5.100593318063610582e+01
5.100593121445923828e+01
5.106792930239598149e+01
4.941192543982455021e+01
4.896792362331844117e+01
4.839592284949821988e+01
4.790392011555817930e+01
4.790391841892510882e+01
4.790391675728544385e+01
4.540191612849542224e+01
4.646191653086098938e+01
4.638991196248897353e+01
4.566591142187992602e+01
4.220591090744292728e+01
4.220590941821232178e+01
4.220590795281401597e+01
4.107190451009343946e+01
4.101590308915881167e+01
3.854590368891819452e+01
3.909790130842211653e+01
3.812589894730679418e+01
3.812589760425951368e+01
3.812589627877066789e+01
3.812589497016910656e+01
3.773989667788919888e+01
3.797189340118431033e+01
3.764389313968476358e+01
3.703189189266237236e+01
3.703189065977292671e+01
3.703188944050781828e+01
3.579388623438073580e+01
3.871988704104949619e+01
3.931788586010261355e+01
4.118988269102866440e+01
4.089988453377021926e+01
4.089988338773282095e+01
4.089988225266304056e+01
4.257587912834237898e+01
4.341987601427729970e+01
4.185187791025337845e+01
4.278187681621960792e+01
4.298387573163719111e+01
4.298387465635284599e+01
4.298387359014311926e+01
4.500587253270052912e+01
4.494787248396476542e+01
4.528586844376212639e+01
4.392386841159279243e+01
4.437186938760503097e+01
4.437186837140359330e+01
4.437186736287193156e+01
4.472786536187988560e+01
4.395186336817357642e+01
4.385386238161065364e+01
4.456786240214452732e+01
4.469186142950763241e+01
4.469186046361051012e+01
4.469185950430677678e+01
4.543385555144048027e+01
4.490985660491084985e+01
4.697985566452300787e+01
4.697985473030399106e+01
4.661985280217375305e+01
4.661985187978100953e+01
4.661985096313543409e+01
4.606785205215070533e+01
4.601185114667916309e+01
4.778384924660186073e+01
4.771984935194269184e+01
4.901584646247569310e+01
4.901584557819313659e+01
4.901584469897823482e+01
5.069984582471478518e+01
5.047584595542677732e+01
5.097184309088056153e+01
5.070784223118209866e+01
5.163584337602199525e+01
5.163584252548532305e+01
5.163584167946087433e+01
5.113584083788103385e+01
5.203383800070007936e+01
5.297583916769224999e+01
4.576383633883476421e+01
4.560783751454836477e+01
4.560783669416733233e+01
4.560783587783763693e+01
4.715383206551243234e+01
4.845183225712800379e+01
4.832183045258356913e+01
4.676983065189436672e+01
4.686782985499336718e+01
4.686782906177229080e+01
4.686782827221512093e+01
4.566382848625664082e+01
4.614982870390193170e+01
4.668382392505229461e+01
4.765982514965055117e+01
4.700182337770353058e+01
4.700182260911200416e+01
4.700182184385497663e+01
4.580182008187663456e+01
4.699982132315737005e+01
4.392382056757060838e+01
4.312781781525377056e+01
4.398781806609289902e+01
4.398781731997049604e+01
4.398781657689975333e+01
4.536581783684000868e+01
4.517181709978169835e+01
4.416581536558479115e+01
4.442981463437729417e+01
4.227981290598933839e+01
4.227981218047406031e+01
4.227981145776544736e+01
4.299981173788940936e+01
4.281581302069169226e+01
4.311781030624817390e+01
4.434180859441644884e+01
4.512181088519925254e+01
4.512181017867285249e+01
4.512180947473923709e+01
4.512180877337006280e+01
4.500180507460374457e+01
4.413580737827368949e+01
4.591580468440561447e+01
4.548980599307444805e+01
4.548980530411994039e+01
4.548980461757019356e+01
4.635780393338993832e+01
4.710780325157374904e+01
4.941979857200377779e+01
4.917379989485161929e+01
4.903980022001353944e+01
4.903979954738186109e+01
4.903979887698857709e+01
4.856179720882125395e+01
4.895779654285292537e+01
4.869779787903798507e+01
4.931979521736943894e+01
4.812379555781628682e+01
4.812379490039964480e+01
4.812379424507337689e+01
4.824579059185128216e+01
4.464178994050382698e+01
4.573979329138887095e+01
4.851179164418800127e+01
4.842578899903531919e+01
4.842578835584582464e+01
4.842578771461430875e+01
4.817378807541042818e+01
4.893778743803709830e+01
4.862578580258278294e+01
4.660578516885021827e+01
4.628578453726560582e+01
4.628578390741785142e+01
4.628578327940908110e+01
4.754378265322213082e+01
4.800978102883326670e+01
4.890578040627605816e+01
4.894778378547557196e+01
4.957778016638943797e+01
4.957777954908618767e+01
4.957777893351451581e+01
5.139177731963105344e+01
5.157777770754226054e+01
5.194977909707497332e+01
5.239377848831867368e+01
5.138977588117511175e+01
5.138977527569549864e+01
5.138977467185011250e+01
5.069977606963797712e+01
5.111577546902874758e+01
5.093577486999676296e+01
5.993577427215002729e+01
6.562577167627708263e+01
6.562577108196673237e+01
6.562577048920206835e+01
6.554177089815702573e+01
6.324376930855115830e+01
6.300176872040294285e+01
6.298377013377893263e+01
6.266176754854375019e+01
6.266176696480651032e+01
6.266176638253411113e+01
6.349376580167545114e+01
6.344376622233074414e+01
6.531576764437090787e+01
6.710776706774055356e+01
6.742776549277068909e+01
6.742776491906161596e+01
6.742776434674334496e+01
6.901776077574042745e+01
6.998576220621758637e+01
6.922176163799413473e+01
6.986976407117232668e+01
7.043375850568718022e+01
7.043375794150657043e+01
7.043375737864879227e+01
6.999775981711138684e+01
7.190375725681606411e+01
7.044375769788830155e+01
7.096576014024053336e+01
6.660775858368037916e+01
6.660775802856873895e+01
6.660775747471728891e+01
6.726775292219313940e+01
6.578375137090985447e+01
6.625775682082804963e+01
6.625775627193286255e+01
6.598775172430769942e+01
6.598775117784127531e+01
6.598775063257720319e+01
6.697375008844733202e+01
6.723974854555601155e+01
6.660575300386931019e+01
6.607374646336667467e+01
6.717774992393262323e+01
6.717774938571969301e+01
6.717774884865556828e+01
6.790574531270937086e+01
6.976774477792422147e+01
7.053974724429509990e+01
7.193574271173925183e+01
7.167774618033071476e+01
7.167774565000826215e+01
7.167774512078493387e+01
7.629974659246018120e+01
7.579774006557632049e+01
7.862973953951588157e+01
8.080774101455509140e+01
8.111773749078265894e+01
8.111773696801353140e+01
8.111773644629730029e+01
8.384374192565159944e+01
8.504974240611016967e+01
8.504974188751491226e+01
8.618774236990452664e+01
8.607573385337055072e+01
8.607573333784091574e+01
8.607573282332113251e+01
8.293973830976121064e+01
8.366573579728186871e+01
8.366573528575641205e+01
8.605173677523009701e+01
8.860173126553436873e+01
8.860173075695155376e+01
8.860173024933840225e+01
9.030773174281705451e+01
9.381172823699728269e+01
9.842773273203872009e+01
9.626772922829462686e+01
9.562972772570638824e+01
9.562972722379694801e+01
9.562972672281955511e+01
1.049717292225426633e+02
1.075837287233725448e+02
1.036997252253546122e+02
1.026977257279812221e+02
1.020997252317228430e+02
1.020997247362307832e+02
1.020997242416355419e+02
1.020997237479322592e+02
1.094397272550464635e+02
1.139117277628862297e+02
1.144397262720258652e+02
1.129637207819312579e+02
1.129637202926165429e+02
1.129637198041655921e+02
1.116037183165862814e+02
1.133797188298795788e+02
1.161977193438922882e+02
1.281617238586640894e+02
1.301137183746861865e+02
1.301137178913234322e+02
1.301137174087933204e+02
1.559997189265682493e+02
1.774117214454590510e+02
1.469397199656102373e+02
1.497917244865109865e+02
1.496137150084615826e+02
1.496137145308387062e+02
1.496137140540191979e+02
1.542557125778717477e+02
1.548757221028639037e+02
1.534577076284251120e+02
1.607997171545409572e+02
1.600057106818555042e+02
1.600057102097727579e+02
1.600057097384658391e+02
1.600057092679308823e+02
1.716797047981526987e+02
1.834837053289995197e+02
1.798817148608880530e+02
1.801997073934591072e+02
1.801997069267280835e+02
1.801997064607468246e+02
1.667577049954970505e+02
1.599817035309695541e+02
1.557597030672696405e+02
1.357997106040814970e+02
1.335977141417965584e+02
1.335977136802392522e+02
1.335977132194071544e+02
1.487237047593640398e+02
1.491017102998787323e+02
1.498996988413809675e+02
1.449077093834857237e+02
1.406957029261984644e+02
1.406957024696466476e+02
1.406957020137966197e+02
1.215997005585715982e+02
1.290656961041403008e+02
1.268457026504145517e+02
1.121097021972465910e+02
1.093236977447956377e+02
1.093236972930898077e+02
1.093236968420637538e+02
8.901369939175030765e+01
8.603969994201611371e+01
7.224370149301455513e+01
8.552769804457021507e+01
8.550569459692945884e+01
8.550569414991855410e+01
8.550569370356647880e+01
8.685769825806785605e+01
1.009996958129172242e+02
1.078496933685522094e+02
1.056316989248707472e+02
1.028716964818197823e+02
1.028716960393604012e+02
1.028716955975399401e+02
1.004256961563953610e+02
1.047996957157481148e+02
9.631168827590173009e+01
9.089368883650097075e+01
9.600169039778901947e+01
9.600168995974486563e+01
9.600168952232074560e+01
1.032476910856419323e+02
1.090896856493996268e+02
1.097676872139077631e+02
1.145996867789210683e+02
1.145996863445580374e+02
1.145996859107995363e+02
1.145996854776430780e+02
1.301896890449387740e+02
1.419776836128436628e+02
1.459656891815951951e+02
1.490416927508707943e+02
1.507776853208129921e+02
1.507776848912167793e+02
1.507776844622054568e+02
1.492716870337496289e+02
1.373436776058097166e+02
1.464216801786396900e+02
1.411256897519596976e+02
1.450296813258378279e+02
1.450296809002863085e+02
1.450296804753033655e+02
1.597496810507619500e+02
1.538236856270004296e+02
1.601016852036929379e+02
1.563756867807568938e+02
1.402636873585150568e+02
1.402636869368961072e+02
1.402636865158301305e+02
1.522376850955369321e+02
1.536416756756078428e+02
1.565156832562857119e+02
1.560076728374031916e+02
1.638836794189935517e+02
1.638836790012001927e+02
1.638836785839448282e+02
1.622576711672182341e+02
1.618816787510429833e+02
1.581916753353366403e+02
1.606656739203027371e+02
1.598336735057596343e+02
1.598336730916894624e+02
1.598336726781431310e+02
1.627256702650994953e+02
1.616016768526286853e+02
1.631116714406808228e+02
1.655196750291274554e+02
1.633756776182084707e+02
1.633756772077638004e+02
1.633756767978292714e+02
1.633756763884030647e+02
1.637736709795149466e+02
1.640456735710419025e+02
1.611616711632009640e+02
1.669996677557138867e+02
1.669996673488010401e+02
1.669996669423853746e+02
1.796196615364119964e+02
1.763116621310081200e+02
1.765916607261667366e+02
1.728756723217058777e+02
1.771316689177668309e+02
1.771316685142962513e+02
1.771316681113102618e+02
1.899836577087010312e+02
1.881336663067256723e+02
2.050096579050634773e+02
1.945676555040429889e+02
1.870556621034401985e+02
1.870556617033259101e+02
1.870556613036843032e+02
1.981796539045315058e+02
1.964256555058577192e+02
1.983576621076935567e+02
2.007916667099283643e+02
2.001796523126430998e+02
2.001796519158027650e+02
2.001796515194235724e+02
1.988636561235426825e+02
2.003556607280809487e+02
1.921696553329990138e+02
1.971956559384770458e+02
1.919476545443865803e+02
1.919476541507410730e+02
1.919476537575457371e+02
2.018696503647960583e+02
2.159616609723646263e+02
2.239256495805704503e+02
2.417316491890948669e+02
2.417316487981272530e+02
2.417316484076006873e+02
2.417316480175136348e+02
2.743156626278092745e+02
2.779716372385815362e+02
2.731756468498906543e+02
2.788556394616238094e+02
3.089296440735183751e+02
3.089296436860377639e+02
3.089296432989863774e+02
2.994116369121018693e+02
3.033596345261648253e+02
3.092016451405107773e+02
3.001276397551971513e+02
3.001676473703543593e+02
3.001676469858495011e+02
3.001676466017642042e+02
3.285996532179669316e+02
3.136716438347334588e+02
3.184656494519310286e+02
3.026136600693404262e+02
2.833996396874146058e+02
2.833996393058179706e+02
2.833996389246314607e+02
3.079196575439096932e+02
2.952976481635433856e+02
2.998216347836857949e+02
2.974976294041566689e+02
2.861516510249244334e+02
2.861516506461710492e+02
2.861516502678185816e+02
2.969996418899226569e+02
2.973996355123750277e+02
2.970036391352760461e+02
2.979156257584974696e+02
2.905416323820826960e+02
2.905416320061099213e+02
2.905416316305293662e+02
2.837136282553627211e+02
2.748776298805445890e+02
3.109516345059130913e+02
3.241996501319128470e+02
3.301416357584062666e+02
3.301416353851537338e+02
3.301416350122850076e+02
3.671276276396710045e+02
3.774176352676292368e+02
3.757056298959761307e+02
4.003656325244905361e+02
4.099956371535085395e+02
4.099956367829180408e+02
4.099956364127032202e+02
4.028396300428867107e+02
4.046676326735768612e+02
4.306336363044224527e+02
4.477496329355411149e+02
4.426796255672479674e+02
4.426796251992633415e+02
4.426796248316464926e+02
4.983196384643364354e+02
4.750496190975472359e+02
4.473696257310060105e+02
4.069996303648780440e+02
4.183196369990079120e+02
4.183196366335749872e+02
4.183196362685022791e+02
4.183196359037887078e+02
3.302096195394159963e+02
3.662796271755377688e+02
3.713396238118771180e+02
3.727196284486704485e+02
3.727196280857368720e+02
3.727196277231561794e+02
4.196196213608528751e+02
4.497596359989272514e+02
4.417596356374825746e+02
4.234296182762880107e+02
4.421496189154242415e+02
4.421496185549393658e+02
4.421496181948002686e+02
4.493896388349289737e+02
4.242296344755783366e+02
3.803596081164188263e+02
3.877896317576481238e+02
4.073396183993211821e+02
4.073396180412361787e+02
4.073396176834900189e+02
4.211996333261404288e+02
4.190696279690676533e+02
4.290096306123395493e+02
4.481596242559309644e+02
4.150896158997961152e+02
4.150896155440636335e+02
4.150896151886634584e+02
4.256796118336837935e+02
4.139796294789306899e+02
4.252996061245419241e+02
4.259196307704707465e+02
4.339996174167566210e+02
4.339996170633309021e+02
4.339996167102311233e+02
4.422996043574232772e+02
4.466496100049869256e+02
4.612996036528146533e+02
4.488796203010501245e+02
4.396696279495759541e+02
4.396696275984126601e+02
4.396696272475690535e+02
4.308296008970326056e+02
4.219396155468412530e+02
4.226396281969491042e+02
4.257896218473500198e+02
4.206296174981127365e+02
4.206296171491690643e+02
4.206296168005389973e+02
4.202796104522400924e+02
4.246796041042534284e+02
4.060195997565500647e+02
4.108295974091755625e+02
3.880396190620348307e+02
3.880396187152691141e+02
3.880396183688112615e+02
4.005096190227055217e+02
4.238996026768430738e+02
4.209796193313111417e+02
4.380896039860888891e+02
4.299496196411803908e+02
4.299496192965523846e+02
4.299496189522266150e+02
4.212596166081583533e+02
4.103595912644496480e+02
4.171296109210687177e+02
4.117596155779354490e+02
4.084996052351089020e+02
4.084996048925796117e+02
4.084996045503469304e+02
4.080896002083866847e+02
4.416095888666304745e+02
4.866396185252272062e+02
4.992695921842256439e+02
4.896095878435637019e+02
4.896095875030952129e+02
4.896095871629180465e+02
5.218495778229737425e+02
5.553796064833657056e+02
5.739996011440740631e+02
5.739996008050550245e+02
5.857596104663615506e+02
5.857596101279171990e+02
5.857596097897588834e+02
5.675995754518010017e+02
5.847596091142894466e+02
5.688196057769598610e+02
5.933796034399566679e+02
5.990395761032626751e+02
5.990395757668064789e+02
5.990395754306316576e+02
6.417596070946474356e+02
6.498796017590061638e+02
6.044795764236471314e+02
6.270696030886040262e+02
6.099895857538933797e+02
6.099895854193911191e+02
6.099895850851650039e+02
6.398296117511960119e+02
6.332495944175437899e+02
6.227696140841525221e+02
6.558996177509778818e+02
6.949995934175693719e+02
6.949995930849869410e+02
6.949995927526763353e+02
6.498595774211845537e+02
6.403396190894360416e+02
6.459795717579980874e+02
6.617696114268017027e+02
6.617696110958391955e+02
6.617696107651441935e+02
6.617696104347162418e+02
6.636895921045233990e+02
6.659895797746587505e+02
6.947796184449614429e+02
7.056695721155725778e+02
7.056695717864699873e+02
7.056695714576308092e+02
7.056695711290540203e+02
7.297696078007423921e+02
7.351095724727437073e+02
7.559795671449090833e+02
8.160395648173538348e+02
8.800196064900018200e+02
8.800196061629872020e+02
8.800196058362308804e+02
8.111895875097845874e+02
8.494395871835863545e+02
8.544095578576442449e+02
8.449995845319214141e+02
8.261595572064219368e+02
8.261595568812019792e+02
8.261595565562359980e+02
8.261595562315235384e+02
8.445495709071085457e+02
8.504495945828999766e+02
8.449895722589612888e+02
8.466395969352578277e+02
8.466395966118034266e+02
8.466395962885987956e+02
8.807995689655731439e+02
8.830896076429266941e+02
8.641595533204542789e+02
8.354295729982466128e+02
7.935296086762538152e+02
7.935296083545364354e+02
7.935296080330648465e+02
8.398095767118705908e+02
8.727895563908926988e+02
8.546895800701755661e+02
8.499895677496901953e+02
8.522295574294304288e+02
8.522295571094223305e+02
8.522295567896561579e+02
8.634195594701261598e+02
8.494595981508590512e+02
8.048195828317450378e+02
8.116595485129901135e+02
8.161195701944185430e+02
8.161195698760927826e+02
8.161195695580051961e+02
8.161195692401552151e+02
7.962195449225556558e+02
7.981495976051587604e+02
7.873795782880454226e+02
7.812995609711374527e+02
7.812995606544678822e+02
7.812995603380327339e+02
7.144995720217702910e+02
6.988395987057043612e+02
7.420195913900695359e+02
6.822195420745595129e+02
6.754995707592819372e+02
6.754995704442428632e+02
6.754995701294346873e+02
7.184295628149035338e+02
6.864395715005668990e+02
6.531995811864265988e+02
6.214395708724175620e+02
5.979495805586776669e+02
5.979495802452441922e+02
5.979495799320380911e+02
5.629995676191844041e+02
6.735795843063791608e+02
6.680595649938752558e+02
6.995995426816549525e+02
6.937295463695871831e+02
6.937295460577349786e+02
6.937295457461067372e+02
7.079395674347163094e+02
6.768795701235247861e+02
7.018095628125382746e+02
6.531595375018249570e+02
6.548695591912768350e+02
6.548695588809822539e+02
6.548695585709082252e+02
6.699995632610657594e+02
6.621595359514617485e+02
6.302695826420356298e+02
6.403895773328213181e+02
6.187095840238613391e+02
6.187095837151011892e+02
6.187095834065585223e+02
6.112895390982500885e+02
6.356195557901045277e+02
6.679295534822316540e+02
6.617495601745471276e+02
6.617495598670844856e+02
6.617495595598362570e+02
6.617495592528022144e+02
6.910495469459601736e+02
6.916195536393986458e+02
6.709695293330108825e+02
6.837995460268372199e+02
6.770195777208758727e+02
6.770195774151177375e+02
6.770195771095704913e+02
7.019795368042082373e+02
7.623195634990304370e+02
7.322295361940992962e+02
7.388495318894629236e+02
7.397795845849642546e+02
7.397795842806744986e+02
7.397795839765929031e+02
7.146295596726796475e+02
7.189895443690265893e+02
7.441195490655812819e+02
7.196895557623130344e+02
7.293995774592895032e+02
7.293995771564472079e+02
7.293995768538101174e+02
7.381995645513687805e+02
7.047395422491459840e+02
6.943995759471456495e+02
6.769995516453028586e+02
7.094395533436454571e+02
7.094395530422303864e+02
7.094395527410174509e+02
6.848995744400521062e+02
6.735995261392332623e+02
6.709395518386509139e+02
6.635395275382231830e+02
6.723695442380297891e+02
6.723695439380217067e+02
6.723695436382131447e+02
6.290395263385769340e+02
6.171995600391153403e+02
5.898895627399448358e+02
5.716895494408953482e+02
5.897395371421138179e+02
5.897395368434933971e+02
5.897395365450695408e+02
5.768295632468453960e+02
5.778695409487988854e+02
5.634595676509533178e+02
5.867795743533416726e+02
5.808795500559110678e+02
5.808795497586590955e+02
5.808795494616010728e+02
6.064395461647084176e+02
6.046895458680589854e+02
6.191295485715784253e+02
6.308495192752999401e+02
6.252195139792182772e+02
6.252195136833161087e+02
6.252195133876052751e+02
6.252195130920854353e+02
6.238995657967717534e+02
6.051195365016152437e+02
5.728395682066432073e+02
5.990495289119039626e+02
5.990495286173334080e+02
5.990495283229515735e+02
6.051295450287632320e+02
6.035895667347461995e+02
5.987795684409601336e+02
6.101195341473053304e+02
6.098895538538876053e+02
6.098895535606308158e+02
6.098895532675604727e+02
6.176895399746617841e+02
5.993595226819716117e+02
6.048695323894431795e+02
6.165995130971120943e+02
6.233095348049615723e+02
6.233095345130011538e+02
6.233095342212244532e+02
6.208295529296304949e+02
6.237095576382392892e+02
6.565695423469722982e+02
6.798195420558778324e+02
6.718695297650599514e+02
6.718695294743789646e+02
6.718695291838793082e+02
6.887195048935969908e+02
6.807595436034732757e+02
6.796995453135106118e+02
6.779195160237341042e+02
6.788995567341082733e+02
6.788995564446898925e+02
6.788995561554505684e+02
6.788995558663898464e+02
6.595795485775201996e+02
6.446495552888309248e+02
6.528095290002911497e+02
6.569495427119574060e+02
6.569495424237854877e+02
6.569495421357901250e+02
6.856995418479453974e+02
6.685395075603190662e+02
6.533795342728496962e+02
6.505995049855629304e+02
6.442194996984592308e+02
6.442194994115176314e+02
6.442194991247504277e+02
6.462194988381409075e+02
6.604995275517413802e+02
6.552895052655007930e+02
6.492595369794245244e+02
6.433795316935267010e+02
6.433795314077997318e+02
6.433795311222451119e+02
6.576195208368268368e+02
6.447795545515906497e+02
6.469795052666071342e+02
6.773495009816905394e+02
6.871995366969952101e+02
6.871995364124678645e+02
6.871995361281104806e+02
7.096695068439099714e+02
7.097395135599318792e+02
7.109195062760985593e+02
7.146295279924322585e+02
6.990994987089118240e+02
6.990994984255688678e+02
6.990994981423939407e+02
7.137595318593896536e+02
7.099895115765542641e+02
7.078195282938936543e+02
7.222495210113621624e+02
7.171695037290253367e+02
7.171695034468521044e+02
7.171695031648448548e+02
6.861695028829833518e+02
6.657095416013034992e+02
6.889895093198038012e+02
6.734694900384774883e+02
6.802595287572937650e+02
6.802595284762760457e+02
6.802595281954222628e+02
7.062995059147140182e+02
7.084895076342111224e+02
7.111995293538487886e+02
7.011594900736458840e+02
7.119194997936051550e+02
7.119194995137288515e+02
7.119194992340144381e+02
7.309094889544456919e+02
7.357194866750467099e+02
7.340895423958419315e+02
7.323895301167738126e+02
7.335695218378565414e+02
7.335695215591077840e+02
7.335695212805188703e+02
7.335695210020898003e+02
7.529194967238039453e+02
7.538695084456976474e+02
7.548594981677616715e+02
7.362695328899649212e+02
7.362695326123302948e+02
7.362695323348535794e+02
7.429995120575085821e+02
7.444895017803621613e+02
7.558295285033684650e+02
7.569895012265261585e+02
7.594895009497880665e+02
7.594895006732540423e+02
7.594895003968763376e+02
7.301694931206660613e+02
7.393795148446279200e+02
7.519395115687212865e+02
7.536395242929761480e+02
7.743895240173438879e+02
7.743895237418978468e+02
7.743895234666059650e+02
7.913594931914460631e+02
7.775595059164710392e+02
7.813095056416556190e+02
7.754794873669886783e+02
7.752194780924677389e+02
7.752194778180966068e+02
7.752194775438781562e+02
7.815295352697670523e+02
7.805895329958931370e+02
7.827495057221433399e+02
7.936094904485173629e+02
7.854894951750660539e+02
7.854894949017574390e+02
7.854894946285998003e+02
7.919395063556011110e+02
8.057194750827179632e+02
8.110795208100375930e+02
8.183195105374867353e+02
8.430295322650570142e+02
8.430295319927989794e+02
8.430295317206897607e+02
8.701094874487118886e+02
8.642695221769229192e+02
8.657994899052706614e+02
8.939995016336971503e+02
9.096794943623583549e+02
9.096794940911383947e+02
9.096794938200659999e+02
1.024859485549007559e+03
1.018429493278230439e+03
1.037859485007678359e+03
1.077039538737230487e+03
1.113999499466882298e+03
1.113999499196688930e+03
1.113999498926641309e+03
1.208589464656651899e+03
1.171999498386939422e+03
1.213859483117354557e+03
1.229909531847918061e+03
1.222089463578607820e+03
1.222089463309429675e+03
1.222089463040395231e+03
1.162939437771465464e+03
1.023499496502632496e+03
1.067949447234083436e+03
1.063509505965691005e+03
1.033419539697362552e+03
1.033419539429187807e+03
1.033419539161155399e+03
1.013389509893234617e+03
1.054729474625514285e+03
1.089009504357891501e+03
1.096379499090461877e+03
1.137059552823136073e+03
1.137059552555953360e+03
1.137059552288912073e+03
1.156869488021973439e+03
1.109029521755202722e+03
1.115999492488627766e+03
1.115999492222147637e+03
1.081919535955843457e+03
1.081919535689642544e+03
1.081919535423581010e+03
1.136989481157632781e+03
1.144759500891823791e+03
1.094999490626193392e+03
1.084599466360681845e+03
1.014969461095292218e+03
1.014969460830062076e+03
1.014969460564969950e+03
1.009009499300026960e+03
1.051749489035238184e+03
1.068959449770574338e+03
1.003799476506011388e+03
1.017029517241604594e+03
1.017029516977334879e+03
1.017029516713201360e+03
9.664094604491829159e+02
9.585094971853300194e+02
9.759894769215994756e+02
9.269194696580008213e+02
9.325694933945260345e+02
9.325694931312060589e+02
9.325694928680210296e+02
8.999394876050193943e+02
9.385295143420867134e+02
1.008869480079280379e+03
1.066999484816633867e+03
1.066999484554120045e+03
1.066999484291739918e+03
1.066999484029493033e+03
1.093939424767403580e+03
1.088469454505435124e+03
1.086189424243591930e+03
1.070339448981887017e+03
1.056779511720311348e+03
1.056779511458860725e+03
1.056779511197542206e+03
1.199779510936285305e+03
1.149589447675234169e+03
1.088119476414332894e+03
1.064699432153529187e+03
1.026959441892874338e+03
1.026959441632343669e+03
1.026959441371943740e+03
1.058119475111665906e+03
1.064399503851555210e+03
1.106219450591526311e+03
1.031559538331631757e+03
1.049609464071908860e+03
1.049609463812288595e+03
1.049609463552797479e+03
1.049609463293435510e+03
1.030509488034209426e+03
9.956495017750952456e+02
9.962694975161248294e+02
9.438995012572403311e+02
9.438995009985208071e+02
9.438995007399291808e+02
9.299994764814115342e+02
9.183995002231475837e+02
9.374094489649182833e+02
8.290994517067892957e+02
8.463494514488480718e+02
8.463494511910199662e+02
8.463494509333185079e+02
9.367194456757773651e+02
9.312494744183634339e+02
9.056594471610478649e+02
8.911394889038373321e+02
9.233194806467721492e+02
9.233194803898263672e+02
9.233194801330058681e+02
9.073394998763246804e+02
9.219994726197656973e+02
9.319994723633183185e+02
9.045494601069818827e+02
8.599994718507700782e+02
8.599994715946977522e+02
8.599994713387493448e+02
8.757594810829382368e+02
9.224294638272490374e+02
9.233894855716783923e+02
8.763494463162199963e+02
8.569794500608741146e+02
8.569794498056661496e+02
8.569794495505811938e+02
8.569794492956185650e+02
8.215294980407619505e+02
7.640394467860307941e+02
8.007694885313904933e+02
8.098694632769825148e+02
8.098694630226303843e+02
8.098694627683997851e+02
8.704294605142653154e+02
8.643694622603042035e+02
8.798894820064373334e+02
8.392894447527058901e+02
8.382894444990744205e+02
8.382894442455694843e+02
8.382894439921850562e+02
8.045794827389144075e+02
8.243994894857614781e+02
8.589694362327603585e+02
8.382994529798560279e+02
7.953494407270615056e+02
7.953494404743954647e+02
7.953494402218484538e+02
7.663694589694157457e+02
8.018894787171115013e+02
8.402294434649020332e+02
8.715994392128494610e+02
9.053894779608583576e+02
9.053894777090230264e+02
9.053894774573053610e+02
9.211594352057260267e+02
9.939794419542174637e+02
9.991094467028365216e+02
1.013919444451647109e+03
