5.465199999998740310e+01
5.465199999998733205e+01
5.465199999998726099e+01
5.465199999998718994e+01
5.254999899988241197e+01
5.277999899990243193e+01
5.173199799990597114e+01
4.952600099972018910e+01
4.702799999971157519e+01
4.702799999971150413e+01
4.702799999971143308e+01
4.829399899980564470e+01
4.773799899992663143e+01
4.680199799990585063e+01
4.881999999978130234e+01
5.100600099968860235e+01
5.100600099968853129e+01
5.100600099968846024e+01
5.106800099990334729e+01
4.941199899991500644e+01
4.896799899998097061e+01
4.839599999997196278e+01
4.790399899996693023e+01
4.790399899996685917e+01
4.790399899996678812e+01
4.540199999990282720e+01
4.646200199996257396e+01
4.638999899996177589e+01
4.566599999995857218e+01
4.220600099978645403e+01
4.220600099978638298e+01
4.220600099978631192e+01
4.107199899974048662e+01
4.101599899978253916e+01
3.854600099977108130e+01
3.909799999963973249e+01
3.812599899984689245e+01
3.812599899984682139e+01
3.812599899984675034e+01
3.812599899984667928e+01
3.774000199991045434e+01
3.797199999988274044e+01
3.764400099995016546e+01
3.703200099990868210e+01
3.703200099990861105e+01
3.703200099990854000e+01
3.579399899986407974e+01
3.872000099985161370e+01
3.931800099985650121e+01
4.118999899974403434e+01
4.090000199981474083e+01
4.090000199981466977e+01
4.090000199981459872e+01
4.257599999990500805e+01
4.341999799988709441e+01
4.185200099982784394e+01
4.278200099994514716e+01
4.298400099995734536e+01
4.298400099995727430e+01
4.298400099995720325e+01
4.500600099987559588e+01
4.494800199986886469e+01
4.528599899997132638e+01
4.392399999988295178e+01
4.437200199994401828e+01
4.437200199994394723e+01
4.437200199994387617e+01
4.472800099998473655e+01
4.395199999997745977e+01
4.385399999993857278e+01
4.456800099997468578e+01
4.469200099996607634e+01
4.469200099996600528e+01
4.469200099996593423e+01
4.543399799994312360e+01
4.490999999992558855e+01
4.697999999984299535e+01
4.697999999984292430e+01
4.661999899996200014e+01
4.661999899996192909e+01
4.661999899996185803e+01
4.606800099998158515e+01
4.601200099997632265e+01
4.778399999992691249e+01
4.772000099995408817e+01
4.901599899992586273e+01
4.901599899992579168e+01
4.901599899992572063e+01
5.070000099989560027e+01
5.047600199994314352e+01
5.097199999991609332e+01
5.070799999999960761e+01
5.163600199996130868e+01
5.163600199996123763e+01
5.163600199996116658e+01
5.113600199996453455e+01
5.203399999999484749e+01
5.297600199989376790e+01
4.576399999970423238e+01
4.560800199991106041e+01
4.560800199991098935e+01
4.560800199991091830e+01
4.715399899992343791e+01
4.845199999994282081e+01
4.832199899992489378e+01
4.676999999994016122e+01
4.686799999997553812e+01
4.686799999997546706e+01
4.686799999997539601e+01
4.566400099996042883e+01
4.615000199998480923e+01
4.668399799999789224e+01
4.765999999998950187e+01
4.700199900001241105e+01
4.700199900001233999e+01
4.700199900001226894e+01
4.580199799999941490e+01
4.699999999999626965e+01
4.392399999991747706e+01
4.312799799994082406e+01
4.398799899999186636e+01
4.398799899999179530e+01
4.398799899999172425e+01
4.536600099998813107e+01
4.517200100000784602e+01
4.416599999994649295e+01
4.442999999996705185e+01
4.227999899993392319e+01
4.227999899993385213e+01
4.227999899993378108e+01
4.299999999999193534e+01
4.281600199998577949e+01
4.311800000002229183e+01
4.434199899998959182e+01
4.512200199992037852e+01
4.512200199992030747e+01
4.512200199992024352e+01
4.512200199992017247e+01
4.500199899998633413e+01
4.413600199997946305e+01
4.591599999995210624e+01
4.549000200000556760e+01
4.549000200000549654e+01
4.549000200000542549e+01
4.635800199999511051e+01
4.710800199999368942e+01
4.941999799990747988e+01
4.917399999993181581e+01
4.904000099998631157e+01
4.904000099998624052e+01
4.904000099998616946e+01
4.856199999999586936e+01
4.895800000001020180e+01
4.869800200000504731e+01
4.931999999999452911e+01
4.812400099996844460e+01
4.812400099996837355e+01
4.812400099996830249e+01
4.824599800000184757e+01
4.464199799985897954e+01
4.574000199991675686e+01
4.851200099987566006e+01
4.842599899988841372e+01
4.842599899988834267e+01
4.842599899988827161e+01
4.817399999997563498e+01
4.893799999997085592e+01
4.862599899997964314e+01
4.660599899982172190e+01
4.628599899994002698e+01
4.628599899993995592e+01
4.628599899993988487e+01
4.754399899993866541e+01
4.800999799992835193e+01
4.890599799995806052e+01
4.894800199996819856e+01
4.957799899993151627e+01
4.957799899993144521e+01
4.957799899993137416e+01
5.139199799990242923e+01
5.157799899996535231e+01
5.195000099996108389e+01
5.239400099999299698e+01
5.138999899997654808e+01
5.138999899997647702e+01
5.138999899997640597e+01
5.070000099998851084e+01
5.111600099999544256e+01
5.093600099998434416e+01
5.993600099957586735e+01
6.562599899957103844e+01
6.562599899957096738e+01
6.562599899957089633e+01
6.554199999975678281e+01
6.324399899985999696e+01
6.300199899991071817e+01
6.298400099998703894e+01
6.266199899996498601e+01
6.266199899996491496e+01
6.266199899996484390e+01
6.349399899992464213e+01
6.344399999995536632e+01
6.531600199993862077e+01
6.710800199982959668e+01
6.742800099996975405e+01
6.742800099996968299e+01
6.742800099996961194e+01
6.901799799990412509e+01
6.998599999994793563e+01
6.922199999993013364e+01
6.987000299996272190e+01
7.043399799999029653e+01
7.043399799999022548e+01
7.043399799999015443e+01
6.999800099999690417e+01
7.190399899994132227e+01
7.044399999995795270e+01
7.096600299996815409e+01
6.660800199978839942e+01
6.660800199978832836e+01
6.660800199978825731e+01
6.726799799986385153e+01
6.578399699993710215e+01
6.625800299997698062e+01
6.625800299997690956e+01
6.598799900002842378e+01
6.598799900002835273e+01
6.598799900002828167e+01
6.697399899996796080e+01
6.723999799995955584e+01
6.660600299997686591e+01
6.607399700000698317e+01
6.717800099994198604e+01
6.717800099994191498e+01
6.717800099994184393e+01
6.790599799991822749e+01
6.976799799992141971e+01
7.054000099995357687e+01
7.193599699993903585e+01
7.167800099995888274e+01
7.167800099995881169e+01
7.167800099995874064e+01
7.630000299976494205e+01
7.579799699992645401e+01
7.862999699983248547e+01
8.080799899976585721e+01
8.111799599982180098e+01
8.111799599982172992e+01
8.111799599982165887e+01
8.384400199984553126e+01
8.505000299993338331e+01
8.505000299993331225e+01
8.618800399989017080e+01
8.607599599990159334e+01
8.607599599990152228e+01
8.607599599990145123e+01
8.294000199985728727e+01
8.366599999989561809e+01
8.366599999989554703e+01
8.605200199990807164e+01
8.860199699977030718e+01
8.860199699977023613e+01
8.860199699977016508e+01
9.030799899989776236e+01
9.381199599976828551e+01
9.842800099954678217e+01
9.626799799959186998e+01
9.562999699985027746e+01
9.562999699985020641e+01
9.562999699985013535e+01
1.049719999996236908e+02
1.075839999995822467e+02
1.036999969997763174e+02
1.026979979997033041e+02
1.020999979998386209e+02
1.020999979998385498e+02
1.020999979998384788e+02
1.020999979998384077e+02
1.094400019997686542e+02
1.139120029995420680e+02
1.144400019997376745e+02
1.129639969998260511e+02
1.129639969998259801e+02
1.129639969998259090e+02
1.116039959998382756e+02
1.133799969998685953e+02
1.161979979997681198e+02
1.281620029995809773e+02
1.301139979998027627e+02
1.301139979998027059e+02
1.301139979998026490e+02
1.559999999992792254e+02
1.774120029990475587e+02
1.469400019992563671e+02
1.497920069993990069e+02
1.496139979997798832e+02
1.496139979997798264e+02
1.496139979997797411e+02
1.542559969996523535e+02
1.548760069998691904e+02
1.534579929998637056e+02
1.608000029996254341e+02
1.600059969998023064e+02
1.600059969998022211e+02
1.600059969998021643e+02
1.600059969998020790e+02
1.716799929997905281e+02
1.834839939996394946e+02
1.798820039997694380e+02
1.801999969998248332e+02
1.801999969998247764e+02
1.801999969998246911e+02
1.667579959998099355e+02
1.599819949997748552e+02
1.557599949998283080e+02
1.358000029996579769e+02
1.335980069996588213e+02
1.335980069996587360e+02
1.335980069996586792e+02
1.487239989997258647e+02
1.491020049996324985e+02
1.498999939998116702e+02
1.449080049998816833e+02
1.406959989998513265e+02
1.406959989998512697e+02
1.406959989998511844e+02
1.215999979997774716e+02
1.290659939998020604e+02
1.268460009998399585e+02
1.121100009997465605e+02
1.093239969996841978e+02
1.093239969996841268e+02
1.093239969996840557e+02
8.901399999971987143e+01
8.604000099966127380e+01
7.224400299966465866e+01
8.552799999955759347e+01
8.550599699958941358e+01
8.550599699958934252e+01
8.550599699958927147e+01
8.685800199978673675e+01
1.009999999996791473e+02
1.078499979997070142e+02
1.056320039997710865e+02
1.028720019998211654e+02
1.028720019998210944e+02
1.028720019998210233e+02
1.004260029998606711e+02
1.048000029997642173e+02
9.631199599983790449e+01
9.089399699972921098e+01
9.600199899968399109e+01
9.600199899968392003e+01
9.600199899968384898e+01
1.032480009998116941e+02
1.090899959997612569e+02
1.097679979998490722e+02
1.145999979998324108e+02
1.145999979998323397e+02
1.145999979998322686e+02
1.145999979998321976e+02
1.301900019996847675e+02
1.419779969995494753e+02
1.459660029996662729e+02
1.490420069997149710e+02
1.507779999998406026e+02
1.507779999998405458e+02
1.507779999998404605e+02
1.492720029998133953e+02
1.373439939997221018e+02
1.464219969998229374e+02
1.411260069998383244e+02
1.450299989998387105e+02
1.450299989998386252e+02
1.450299989998385684e+02
1.597499999997137934e+02
1.538240049998048846e+02
1.601020049997882211e+02
1.563760069995834954e+02
1.402640079995156270e+02
1.402640079995155418e+02
1.402640079995154849e+02
1.522380069997374221e+02
1.536419979997748442e+02
1.565160059998727604e+02
1.560079959998659263e+02
1.638840029997897716e+02
1.638840029997897147e+02
1.638840029997896295e+02
1.622579959997823380e+02
1.618820039997924880e+02
1.581920009997396619e+02
1.606659999998294666e+02
1.598339999998822236e+02
1.598339999998821384e+02
1.598339999998820815e+02
1.627259979998628694e+02
1.616020049998966499e+02
1.631119999999354775e+02
1.655200039998528325e+02
1.633760069998905919e+02
1.633760069998905351e+02
1.633760069998904498e+02
1.633760069998903930e+02
1.637740019999220067e+02
1.640460049998641807e+02
1.611620029999357939e+02
1.669999999998604494e+02
1.669999999998603641e+02
1.669999999998603073e+02
1.796199949998072327e+02
1.763119959998301169e+02
1.765919949999237986e+02
1.728760069999080429e+02
1.771320039999259279e+02
1.771320039999258711e+02
1.771320039999257858e+02
1.899839939998195177e+02
1.881340029998659702e+02
2.050099949997461408e+02
1.945679929997902491e+02
1.870559999997760201e+02
1.870559999997759348e+02
1.870559999997758780e+02
1.981799929997936260e+02
1.964259949998210573e+02
1.983580019998904334e+02
2.007920069998927204e+02
2.001799929999105245e+02
2.001799929999104677e+02
2.001799929999103824e+02
1.988639979999490208e+02
2.003560029999488563e+02
1.921699979998720949e+02
1.971959989999004961e+02
1.919479979999071304e+02
1.919479979999070451e+02
1.919479979999069883e+02
2.018699949999040086e+02
2.159620059997722024e+02
2.239259949998321133e+02
2.417319949997665844e+02
2.417319949997664992e+02
2.417319949997664423e+02
2.417319949997663571e+02
2.743160099997109000e+02
2.779719849996955077e+02
2.731759949997818353e+02
2.788559879998585416e+02
3.089299929996644778e+02
3.089299929996644209e+02
3.089299929996643073e+02
2.994119869994030978e+02
3.033599849996628564e+02
3.092019959997805358e+02
3.001279909998149265e+02
3.001679989998978613e+02
3.001679989998978044e+02
3.001679989998977476e+02
3.286000059997676317e+02
3.136719969997844260e+02
3.184660029998168511e+02
3.026140139996469998e+02
2.833999939997291904e+02
2.833999939997291335e+02
2.833999939997290767e+02
3.079200129997850013e+02
2.952980039997889321e+02
2.998219909998954336e+02
2.974979859999255041e+02
2.861520079998488768e+02
2.861520079998488200e+02
2.861520079998487063e+02
2.969999999999053557e+02
2.973999939999118851e+02
2.970039979999697835e+02
2.979159849999521725e+02
2.905419919999035869e+02
2.905419919999035301e+02
2.905419919999034732e+02
2.837139889999263005e+02
2.748779909999078086e+02
3.109519959996873695e+02
3.242000119997107959e+02
3.301419979998416920e+02
3.301419979998416352e+02
3.301419979998415783e+02
3.671279909997136315e+02
3.774179989997764437e+02
3.757059939998476352e+02
4.003659969997072494e+02
4.099960019996925098e+02
4.099960019996923961e+02
4.099960019996923393e+02
4.028399959997161091e+02
4.046679989998731344e+02
4.306340029998132763e+02
4.477499999996554152e+02
4.426799929997156937e+02
4.426799929997156369e+02
4.426799929997155232e+02
4.983200069996555044e+02
4.750499879997507264e+02
4.473699949997294425e+02
4.069999999997579607e+02
4.183200069996819366e+02
4.183200069996818797e+02
4.183200069996818229e+02
4.183200069996817092e+02
3.302099909996643987e+02
3.662799989997845387e+02
3.713399959997663018e+02
3.727200009998470591e+02
3.727200009998470023e+02
3.727200009998469454e+02
4.196199949997724730e+02
4.497600099997247867e+02
4.417600099998082896e+02
4.234299929997931144e+02
4.421499939997609090e+02
4.421499939997607953e+02
4.421499939997607385e+02
4.493900149996836149e+02
4.242300109997834170e+02
3.803599849997314664e+02
3.877900089997264672e+02
4.073399959998243958e+02
4.073399959998243389e+02
4.073399959998242252e+02
4.212000119998826904e+02
4.190700069998809454e+02
4.290100099998878136e+02
4.481600039998790521e+02
4.150899959998098439e+02
4.150899959998097870e+02
4.150899959998097302e+02
4.256799929998988432e+02
4.139800109998840298e+02
4.252999879999040331e+02
4.259200129999130127e+02
4.339999999999513420e+02
4.339999999999512852e+02
4.339999999999512283e+02
4.422999879999181871e+02
4.466499939999325193e+02
4.612999879998877191e+02
4.488800049999284170e+02
4.396700129999379669e+02
4.396700129999378532e+02
4.396700129999377964e+02
4.308299869999260636e+02
4.219400019999414440e+02
4.226400149999390123e+02
4.257900089999134252e+02
4.206300049999342718e+02
4.206300049999342150e+02
4.206300049999341581e+02
4.202799989999523973e+02
4.246799929999709207e+02
4.060199889999615834e+02
4.108299869999708562e+02
3.880400089999043871e+02
3.880400089999043303e+02
3.880400089999042734e+02
4.005100099999493182e+02
4.238999939999314392e+02
4.209800109999387701e+02
4.380899959999511566e+02
4.299500119999735261e+02
4.299500119999734125e+02
4.299500119999733556e+02
4.212600099999294798e+02
4.103599849999445155e+02
4.171300049999875341e+02
4.117600099999792178e+02
4.084999999999793658e+02
4.084999999999793090e+02
4.084999999999791953e+02
4.080899959999555335e+02
4.416099849998408331e+02
4.866400149997846256e+02
4.992699889998365279e+02
4.896099849999351363e+02
4.896099849999350795e+02
4.896099849999350226e+02
5.218499759998771879e+02
5.553800049998657187e+02
5.739999999998814246e+02
5.739999999998814246e+02
5.857600099999193617e+02
5.857600099999193617e+02
5.857600099999192480e+02
5.675999759998341005e+02
5.847600099999104941e+02
5.688200069998848676e+02
5.933800049999022121e+02
5.990399779999461316e+02
5.990399779999460179e+02
5.990399779999460179e+02
6.417600099998561518e+02
6.498800049998294526e+02
6.044799799998058916e+02
6.270700069998198387e+02
6.099899899998886212e+02
6.099899899998886212e+02
6.099899899998885076e+02
6.398300169998698266e+02
6.332499999998930207e+02
6.227700199999028428e+02
6.559000239998556481e+02
6.949999999993016218e+02
6.949999999993015081e+02
6.949999999993015081e+02
6.498599849998494165e+02
6.403400269998703607e+02
6.459799799999321976e+02
6.617700199999666211e+02
6.617700199999666211e+02
6.617700199999665074e+02
6.617700199999663937e+02
6.636900019999350206e+02
6.659899899999661557e+02
6.947800289998995140e+02
7.056699829998768791e+02
7.056699829998767655e+02
7.056699829998767655e+02
7.056699829998766518e+02
7.297700199998798780e+02
7.351099849999346816e+02
7.559799799998928620e+02
8.160399779998703025e+02
8.800200199997916570e+02
8.800200199997915433e+02
8.800200199997915433e+02
8.111900019998439575e+02
8.494400019998874996e+02
8.544099729999306874e+02
8.449999999999374722e+02
8.261599729999123838e+02
8.261599729999122701e+02
8.261599729999121564e+02
8.261599729999121564e+02
8.445499879999567838e+02
8.504500119999557910e+02
8.449899899999728632e+02
8.466400149999742553e+02
8.466400149999742553e+02
8.466400149999741416e+02
8.807999879999036921e+02
8.830900269999636976e+02
8.641599729999496731e+02
8.354299929999527876e+02
7.935300289999238430e+02
7.935300289999237293e+02
7.935300289999237293e+02
8.398099979999556126e+02
8.727899779999592056e+02
8.546900019999792448e+02
8.499899899999875288e+02
8.522299799999783545e+02
8.522299799999782408e+02
8.522299799999781271e+02
8.634199829999728308e+02
8.494600219999894080e+02
8.048200069999188599e+02
8.116599729999676356e+02
8.161199949999603405e+02
8.161199949999603405e+02
8.161199949999602268e+02
8.161199949999601131e+02
7.962199709999732704e+02
7.981500239999525093e+02
7.873800049999792918e+02
7.812999879999758832e+02
7.812999879999757695e+02
7.812999879999757695e+02
7.144999999999143938e+02
6.988400269998161320e+02
7.420200199999160304e+02
6.822199709999083552e+02
6.754999999999012061e+02
6.754999999999012061e+02
6.754999999999010925e+02
7.184299929999477854e+02
6.864400019999590086e+02
6.532000119999372600e+02
6.214400019998179232e+02
5.979500119997393313e+02
5.979500119997392176e+02
5.979500119997392176e+02
5.629999999998647127e+02
6.735800169998121874e+02
6.680599979998352183e+02
6.995999759999164098e+02
6.937299799999252627e+02
6.937299799999251491e+02
6.937299799999250354e+02
7.079400019999393407e+02
6.768800049999296107e+02
7.018099979999022935e+02
6.531599729999261399e+02
6.548699949998936063e+02
6.548699949998936063e+02
6.548699949998934926e+02
6.699999999999047304e+02
6.621599729999348938e+02
6.302700199999236474e+02
6.403900149999054747e+02
6.187100219999233559e+02
6.187100219999232422e+02
6.187100219999232422e+02
6.112899779999405609e+02
6.356199949999044065e+02
6.679299929999248207e+02
6.617499999999181455e+02
6.617499999999181455e+02
6.617499999999180318e+02
6.617499999999179181e+02
6.910499879998960751e+02
6.916199949999413548e+02
6.709699709999476909e+02
6.837999879999556470e+02
6.770200199999638926e+02
6.770200199999638926e+02
6.770200199999637789e+02
7.019799799999378820e+02
7.623200069998862318e+02
7.322299799998714889e+02
7.388499759999422167e+02
7.397800289999416918e+02
7.397800289999415781e+02
7.397800289999415781e+02
7.146300049999022121e+02
7.189899899999159061e+02
7.441199949999305545e+02
7.196900019999159213e+02
7.294000239999400037e+02
7.294000239999398900e+02
7.294000239999397763e+02
7.382000119999307799e+02
7.047399899999360287e+02
6.944000239999597852e+02
6.769999999999378133e+02
7.094400019998980724e+02
7.094400019998980724e+02
7.094400019998979587e+02
6.849000239999435280e+02
6.735999759999343723e+02
6.709400019999606002e+02
6.635399779999407883e+02
6.723699949999552246e+02
6.723699949999551109e+02
6.723699949999551109e+02
6.290399779999283965e+02
6.172000119998778018e+02
5.898900149999200266e+02
5.716900019998854532e+02
5.897399899999213631e+02
5.897399899999213631e+02
5.897399899999212494e+02
5.768300169999245099e+02
5.778699949999096361e+02
5.634600219999001638e+02
5.867800289999295273e+02
5.808800049999452995e+02
5.808800049999451858e+02
5.808800049999451858e+02
6.064400019999168308e+02
6.046900019999386586e+02
6.191300049999364319e+02
6.308499759999438083e+02
6.252199709999559900e+02
6.252199709999558763e+02
6.252199709999557626e+02
6.252199709999557626e+02
6.239000239999712676e+02
6.051199949999537466e+02
5.728400269999308421e+02
5.990499879999510995e+02
5.990499879999510995e+02
5.990499879999509858e+02
6.051300049999558723e+02
6.035900269999441434e+02
5.987800289999756842e+02
6.101199949999511318e+02
6.098900149999767564e+02
6.098900149999766427e+02
6.098900149999766427e+02
6.176900019999625329e+02
5.993599849999712887e+02
6.048699949999567025e+02
6.165999759999546086e+02
6.233099979999484503e+02
6.233099979999483367e+02
6.233099979999482230e+02
6.208300169999473610e+02
6.237100219999661022e+02
6.565700069999262496e+02
6.798200069998765684e+02
6.718699949999214596e+02
6.718699949999214596e+02
6.718699949999213459e+02
6.887199709999575816e+02
6.807600099999716576e+02
6.797000119999664776e+02
6.779199829999673739e+02
6.789000239999392079e+02
6.789000239999390942e+02
6.789000239999390942e+02
6.789000239999389805e+02
6.595800169999514537e+02
6.446500239999663791e+02
6.528099979999529978e+02
6.569500119999682965e+02
6.569500119999682965e+02
6.569500119999681829e+02
6.857000119999422623e+02
6.685399779999587508e+02
6.533800049999563271e+02
6.505999759999610887e+02
6.442199709999737252e+02
6.442199709999737252e+02
6.442199709999736115e+02
6.462199709999570132e+02
6.604999999999765805e+02
6.552899779999816019e+02
6.492600099999775694e+02
6.433800049999791781e+02
6.433800049999790645e+02
6.433800049999790645e+02
6.576199949999432874e+02
6.447800289999180450e+02
6.469799799999741481e+02
6.773499759999260732e+02
6.872000119999285062e+02
6.872000119999285062e+02
6.872000119999283925e+02
7.096699829999153053e+02
7.097399899999551280e+02
7.109199829999705571e+02
7.146300049999840667e+02
6.990999759999748449e+02
6.990999759999747312e+02
6.990999759999747312e+02
7.137600099999776830e+02
7.099899899999819581e+02
7.078200069999940069e+02
7.222499999999683951e+02
7.171699829999708982e+02
7.171699829999707845e+02
7.171699829999706708e+02
6.861699829999506619e+02
6.657100219999470028e+02
6.889899899999583113e+02
6.734699709999783863e+02
6.802600099999764325e+02
6.802600099999764325e+02
6.802600099999763188e+02
7.062999879999582618e+02
7.084899899999821855e+02
7.112000119999835306e+02
7.011599729999816191e+02
7.119199829999794247e+02
7.119199829999793110e+02
7.119199829999793110e+02
7.309099729999633155e+02
7.357199709999556489e+02
7.340900269999812053e+02
7.323900149999825544e+02
7.335700069999743391e+02
7.335700069999742254e+02
7.335700069999741117e+02
7.335700069999741117e+02
7.529199829999579379e+02
7.538699949999620458e+02
7.548599849999777689e+02
7.362700199999740107e+02
7.362700199999740107e+02
7.362700199999738970e+02
7.429999999999478177e+02
7.444899899999626314e+02
7.558300169999730542e+02
7.569899899999777517e+02
7.594899899999300033e+02
7.594899899999298896e+02
7.594899899999298896e+02
7.301699829999413396e+02
7.393800049999692874e+02
7.519400019999734468e+02
7.536400149999838050e+02
7.743900149999523137e+02
7.743900149999523137e+02
7.743900149999522000e+02
7.913599849999299067e+02
7.775599979999386733e+02
7.813099979999534526e+02
7.754799799999634615e+02
7.752199709999663355e+02
7.752199709999662218e+02
7.752199709999662218e+02
7.815300289999213419e+02
7.805900269999615375e+02
7.827499999999740794e+02
7.936099849999587832e+02
7.854899899999669515e+02
7.854899899999668378e+02
7.854899899999668378e+02
7.919400019999752658e+02
8.057199709999489414e+02
8.110800169999753280e+02
8.183200069999815014e+02
8.430300289999591996e+02
8.430300289999591996e+02
8.430300289999590859e+02
8.701099849999415028e+02
8.642700199999641200e+02
8.657999879999752011e+02
8.939999999999170086e+02
9.096799929999456253e+02
9.096799929999455117e+02
9.096799929999455117e+02
1.024859984999812468e+03
1.018429992999813749e+03
1.037859984999893413e+03
1.077040038999931085e+03
1.113999999999922011e+03
1.113999999999922011e+03
1.113999999999922011e+03
1.208589965999834703e+03
1.171999999999879037e+03
1.213859984999906146e+03
1.229910033999936786e+03
1.222089965999949300e+03
1.222089965999949300e+03
1.222089965999949300e+03
1.162939940999909822e+03
1.023499999999823785e+03
1.067949950999878183e+03
1.063510009999946078e+03
1.033420043999935160e+03
1.033420043999935160e+03
1.033420043999934933e+03
1.013390014999904224e+03
1.054729979999932084e+03
1.089010009999915383e+03
1.096380004999950643e+03
1.137060058999948069e+03
1.137060058999947842e+03
1.137060058999947842e+03
1.156869994999909977e+03
1.109030028999899514e+03
1.115999999999944748e+03
1.115999999999944748e+03
1.081920043999980862e+03
1.081920043999980635e+03
1.081920043999980635e+03
1.136989989999954787e+03
1.144760009999929025e+03
1.094999999999943384e+03
1.084599975999938124e+03
1.014969970999916541e+03
1.014969970999916427e+03
1.014969970999916427e+03
1.009010009999928002e+03
1.051749999999956344e+03
1.068959960999972509e+03
1.003799987999952691e+03
1.017030028999952265e+03
1.017030028999952265e+03
1.017030028999952151e+03
9.664099729999310284e+02
9.585100099999394843e+02
9.759899899999346644e+02
9.269199829999262192e+02
9.325700069999064681e+02
9.325700069999063544e+02
9.325700069999063544e+02
8.999400019999550295e+02
9.385300289999382812e+02
1.008869994999913615e+03
1.066999999999914735e+03
1.066999999999914735e+03
1.066999999999914735e+03
1.066999999999914507e+03
1.093939940999938699e+03
1.088469970999950647e+03
1.086189940999955070e+03
1.070339965999965216e+03
1.056780028999972274e+03
1.056780028999972046e+03
1.056780028999972046e+03
1.199780028999901788e+03
1.149589965999905644e+03
1.088119994999927940e+03
1.064699950999916609e+03
1.026959960999923169e+03
1.026959960999922941e+03
1.026959960999922941e+03
1.058119994999914525e+03
1.064400023999943187e+03
1.106219970999923362e+03
1.031560058999908279e+03
1.049609984999935023e+03
1.049609984999935023e+03
1.049609984999935023e+03
1.049609984999934795e+03
1.030510009999941758e+03
9.956500239999320456e+02
9.962700199999375172e+02
9.439000239999005544e+02
9.439000239999005544e+02
9.439000239999004407e+02
9.299999999998466365e+02
9.184000239999189716e+02
9.374099729998986277e+02
8.290999759998513809e+02
8.463499759998649097e+02
8.463499759998647960e+02
8.463499759998647960e+02
9.367199709998985782e+02
9.312499999999333795e+02
9.056599729999404644e+02
8.911400149999268478e+02
9.233200069999327297e+02
9.233200069999326161e+02
9.233200069999325024e+02
9.073400269999465309e+02
9.219999999999578222e+02
9.319999999999560032e+02
9.045499879999405266e+02
8.599999999999253077e+02
8.599999999999253077e+02
8.599999999999251941e+02
8.757600099999384611e+02
9.224299929999500591e+02
9.233900149999566338e+02
8.763499759999522212e+02
8.569799799999371999e+02
8.569799799999370862e+02
8.569799799999370862e+02
8.569799799999369725e+02
8.215300289999204324e+02
7.640399779999070233e+02
8.007700199998623702e+02
8.098699949999281671e+02
8.098699949999281671e+02
8.098699949999280534e+02
8.704299929999026517e+02
8.643699949999295313e+02
8.798900149999294626e+02
8.392899779999440852e+02
8.382899779999379462e+02
8.382899779999378325e+02
8.382899779999378325e+02
8.045800169999315585e+02
8.244000239999228370e+02
8.589699709999462129e+02
8.382999879999466657e+02
7.953499759999375556e+02
7.953499759999374419e+02
7.953499759999373282e+02
7.663699949999324872e+02
8.018900149999371934e+02
8.402299799999181005e+02
8.715999759999374419e+02
9.053900149999000178e+02
9.053900149999000178e+02
9.053900149998999041e+02
9.211599729999201145e+02
9.939799799998935441e+02
9.991099849998771560e+02
1.013919982999934859e+03
