5.467816021516642166e+01
5.467816021516642166e+01
5.467816021516642166e+01
5.467816021516642166e+01
5.259344131243113196e+01
5.279963764367526124e+01
5.155147090677439081e+01
4.957190695337586561e+01
4.704280277904697982e+01
4.704280277904697982e+01
4.704280277904697982e+01
4.820128901873651728e+01
4.771440903226492480e+01
4.695539314990426760e+01
4.892488220315160419e+01
5.094508137008890003e+01
5.094508137008890003e+01
5.094508137008890003e+01
5.100554786536575591e+01
4.942616584418095016e+01
4.892374199931966672e+01
4.846070731421212230e+01
4.800987345379468962e+01
4.800987345379468962e+01
4.800987345379468962e+01
4.538693941907242646e+01
4.637763715171371359e+01
4.637262912896252942e+01
4.564173876751198122e+01
4.215780538698201951e+01
4.215780538698201951e+01
4.215780538698201951e+01
4.114543074536398137e+01
4.095728088485917340e+01
3.858184436645520776e+01
3.904750677474807929e+01
3.819732959349919099e+01
3.819732959349919099e+01
3.819732959349919099e+01
3.819732959349919099e+01
3.786826717478245996e+01
3.786006157543564399e+01
3.751939644187538647e+01
3.705688078982637279e+01
3.705688078982637279e+01
3.705688078982637279e+01
3.594039253769133069e+01
3.856246100234521634e+01
3.925888616417746135e+01
4.115552859733723778e+01
4.097642996082400657e+01
4.097642996082400657e+01
4.097642996082400657e+01
4.257368929895724818e+01
4.339434360615233288e+01
4.186944275723814002e+01
4.278802811757834945e+01
4.302803903874266922e+01
4.302803903874266922e+01
4.302803903874266922e+01
4.498395649068583424e+01
4.503897439500637745e+01
4.533772699226015135e+01
4.389703305391140731e+01
4.431737129377864193e+01
4.431737129377864193e+01
4.431737129377864193e+01
4.478732803250429129e+01
4.402181770638831892e+01
4.383222421807545288e+01
4.466286796066885501e+01
4.463484610989027601e+01
4.463484610989027601e+01
4.463484610989027601e+01
4.549448652008499039e+01
4.481596604724378352e+01
4.695888879684184758e+01
4.695888879684184758e+01
4.656003081432182000e+01
4.656003081432182000e+01
4.656003081432182000e+01
4.601633802576613164e+01
4.600191982316589900e+01
4.770448498445520613e+01
4.770448498445520613e+01
4.915536970556927798e+01
4.915536970556927798e+01
4.915536970556927798e+01
5.077884446495373538e+01
5.034291819110763555e+01
5.100094666266814158e+01
5.078178334576767128e+01
5.155350137854745185e+01
5.155350137854745185e+01
5.155350137854745185e+01
5.130379326776266424e+01
5.202860848782137282e+01
5.310019486453472126e+01
4.573458261791864743e+01
4.564040890105007264e+01
4.564040890105007264e+01
4.564040890105007264e+01
4.723795662178913801e+01
4.847327623163708665e+01
4.821594764532462563e+01
4.696938515399173042e+01
4.694475117610760861e+01
4.694475117610760861e+01
4.694475117610760861e+01
4.563805904009412728e+01
4.619532813139520044e+01
4.656113163438564584e+01
4.770453847587852891e+01
4.694627948458611399e+01
4.694627948458611399e+01
4.694627948458611399e+01
4.589826110009148863e+01
4.691417842850712816e+01
4.392845307490630802e+01
4.327137602163188035e+01
4.401120755050633448e+01
4.401120755050633448e+01
4.401120755050633448e+01
4.533809058949060500e+01
4.516104019572925665e+01
4.431737129377864193e+01
4.432444133209295245e+01
4.238423024330143818e+01
4.238423024330143818e+01
4.238423024330143818e+01
4.303575971942968437e+01
4.282333582841306452e+01
4.324540616459616160e+01
4.432162431107739309e+01
4.518331981538283060e+01
4.518331981538283060e+01
4.518331981538283060e+01
4.518331981538283060e+01
4.500141324639142226e+01
4.408674188299001173e+01
4.591858958881358177e+01
4.547603569079972630e+01
4.547603569079972630e+01
4.547603569079972630e+01
4.637922123931435436e+01
4.723537843995155328e+01
4.937830232828077470e+01
4.918898950676247495e+01
4.915524367033897590e+01
4.915524367033897590e+01
4.915524367033897590e+01
4.862911351281623951e+01
4.891484041183213805e+01
4.863490367029944395e+01
4.938582938036024217e+01
4.823397823547686158e+01
4.823397823547686158e+01
4.823397823547686158e+01
4.821932573848655323e+01
4.473634255062645337e+01
4.564157025535099166e+01
4.848387629048345104e+01
4.851452232248922058e+01
4.851452232248922058e+01
4.851452232248922058e+01
4.818715139800227831e+01
4.891331210335363266e+01
4.862748751026530414e+01
4.657364325256894944e+01
4.620037806909667921e+01
4.620037806909667921e+01
4.620037806909667921e+01
4.751619519058142060e+01
4.800939018625787469e+01
4.891383728584074220e+01
4.891331210335363266e+01
4.951454389100716469e+01
4.951454389100716469e+01
4.951454389100716469e+01
5.152579597161968650e+01
5.156297579611998572e+01
5.204023839231198423e+01
5.238606858289244173e+01
5.131841613990262374e+01
5.131841613990262374e+01
5.131841613990262374e+01
5.080307126044014865e+01
5.100411023382142162e+01
5.099705370661925485e+01
6.006755424940125465e+01
6.555537392019567733e+01
6.555537392019567733e+01
6.555537392019567733e+01
6.557918013688700398e+01
6.334345548329479669e+01
6.296790629590989141e+01
6.296467703948528083e+01
6.269768951148662239e+01
6.269768951148662239e+01
6.269768951148662239e+01
6.355491736564507477e+01
6.334610912810327932e+01
6.517717199525338856e+01
6.710285497948774491e+01
6.753168948740928101e+01
6.753168948740928101e+01
6.753168948740928101e+01
6.900635352846231285e+01
6.988945804118297644e+01
6.920918142170988574e+01
6.989117346568723121e+01
7.039389463891495780e+01
7.039389463891495780e+01
7.039389463891495780e+01
6.986777761412322718e+01
7.166067344382889814e+01
7.047550920432136934e+01
7.118036493546343024e+01
6.650085081275568655e+01
6.650085081275568655e+01
6.650085081275568655e+01
6.714084949708434635e+01
6.600874734367806695e+01
6.646290205560919162e+01
6.646290205560919162e+01
6.599967205997026554e+01
6.599967205997026554e+01
6.599967205997026554e+01
6.696795652828278378e+01
6.712007897600099682e+01
6.651608772906088518e+01
6.600043944462446177e+01
6.714957862653324128e+01
6.714957862653324128e+01
6.714957862653324128e+01
6.792137230071985243e+01
6.986798429515761200e+01
7.069661838393642483e+01
7.236761992769159235e+01
7.164821930047320109e+01
7.164821930047320109e+01
7.164821930047320109e+01
7.557851949170338912e+01
7.563485220590932556e+01
7.563485220590932556e+01
7.563485220590932556e+01
7.563485220590932556e+01
7.563485220590932556e+01
7.563485220590932556e+01
7.563485220590932556e+01
7.563485220590932556e+01
7.563485220590932556e+01
7.563485220590932556e+01
7.563485220590932556e+01
7.563485220590932556e+01
7.563485220590932556e+01
7.563485220590932556e+01
7.563485220590932556e+01
7.563485220590932556e+01
7.563485220590932556e+01
7.563485220590932556e+01
7.563485220590932556e+01
7.563485220590932556e+01
7.563485220590932556e+01
7.563485220590932556e+01
7.577195209806721721e+01
7.577195209806721721e+01
7.563485220590932556e+01
7.563485220590932556e+01
7.563485220590932556e+01
7.577195209806721721e+01
7.577195209806721721e+01
7.563485220590932556e+01
7.563485220590932556e+01
7.563485220590932556e+01
7.563485220590932556e+01
7.563485220590932556e+01
7.563485220590932556e+01
7.563485220590932556e+01
7.577195209806721721e+01
7.563485220590932556e+01
7.563485220590932556e+01
7.563485220590932556e+01
7.563485220590932556e+01
7.563485220590932556e+01
7.563485220590932556e+01
7.563485220590932556e+01
7.577195209806721721e+01
7.563485220590932556e+01
7.563485220590932556e+01
7.563485220590932556e+01
7.577195209806721721e+01
7.577195209806721721e+01
7.577195209806721721e+01
7.577195209806721721e+01
7.563485220590932556e+01
7.563485220590932556e+01
7.563485220590932556e+01
7.577195209806721721e+01
7.563485220590932556e+01
7.563485220590932556e+01
7.577195209806721721e+01
7.563485220590932556e+01
7.563485220590932556e+01
7.563485220590932556e+01
7.563485220590932556e+01
7.563485220590932556e+01
7.577195209806721721e+01
7.563485220590932556e+01
7.563485220590932556e+01
7.563485220590932556e+01
7.563485220590932556e+01
7.563485220590932556e+01
7.563485220590932556e+01
7.563485220590932556e+01
7.577195209806721721e+01
7.577195209806721721e+01
7.577195209806721721e+01
7.577195209806721721e+01
7.563485220590932556e+01
7.577195209806721721e+01
7.563485220590932556e+01
7.563485220590932556e+01
7.563485220590932556e+01
7.563485220590932556e+01
7.563485220590932556e+01
7.563485220590932556e+01
7.563485220590932556e+01
7.563485220590932556e+01
7.563485220590932556e+01
7.562410440549925283e+01
7.562410440549925283e+01
7.562410440549925283e+01
7.563485220590932556e+01
7.577195209806721721e+01
7.288948184008575026e+01
7.538862203711794052e+01
7.577195209806721721e+01
7.577195209806721721e+01
7.577195209806721721e+01
7.563485220590932556e+01
7.562410440549925283e+01
7.563485220590932556e+01
7.563485220590932556e+01
7.563485220590932556e+01
7.563485220590932556e+01
7.563485220590932556e+01
7.563485220590932556e+01
7.563485220590932556e+01
7.563485220590932556e+01
7.563485220590932556e+01
7.562410440549925283e+01
7.562410440549925283e+01
7.562410440549925283e+01
7.563485220590932556e+01
7.563485220590932556e+01
7.563485220590932556e+01
7.563485220590932556e+01
7.563485220590932556e+01
7.563485220590932556e+01
7.563485220590932556e+01
7.563485220590932556e+01
7.577195209806721721e+01
7.562410440549925283e+01
7.563485220590932556e+01
7.563485220590932556e+01
7.563485220590932556e+01
7.563485220590932556e+01
7.563485220590932556e+01
7.563485220590932556e+01
7.563485220590932556e+01
7.563485220590932556e+01
7.563485220590932556e+01
7.563485220590932556e+01
7.563485220590932556e+01
7.563485220590932556e+01
7.563485220590932556e+01
7.563485220590932556e+01
7.577195209806721721e+01
7.577195209806721721e+01
7.577195209806721721e+01
7.577195209806721721e+01
7.563485220590932556e+01
7.563485220590932556e+01
7.563485220590932556e+01
7.563485220590932556e+01
7.563485220590932556e+01
7.563485220590932556e+01
7.563485220590932556e+01
7.563485220590932556e+01
7.563485220590932556e+01
7.563485220590932556e+01
7.563485220590932556e+01
7.563485220590932556e+01
7.563485220590932556e+01
7.563485220590932556e+01
7.563485220590932556e+01
7.563485220590932556e+01
7.563485220590932556e+01
7.563485220590932556e+01
7.563485220590932556e+01
7.563485220590932556e+01
7.563485220590932556e+01
7.563485220590932556e+01
7.563485220590932556e+01
7.563485220590932556e+01
7.563485220590932556e+01
7.563485220590932556e+01
7.563485220590932556e+01
7.563485220590932556e+01
7.563485220590932556e+01
7.563485220590932556e+01
7.563485220590932556e+01
7.563485220590932556e+01
7.563485220590932556e+01
7.563485220590932556e+01
7.563485220590932556e+01
7.563485220590932556e+01
7.563485220590932556e+01
7.563485220590932556e+01
7.563485220590932556e+01
7.563485220590932556e+01
7.563485220590932556e+01
7.563485220590932556e+01
7.563485220590932556e+01
7.563485220590932556e+01
7.563485220590932556e+01
7.563485220590932556e+01
7.563485220590932556e+01
7.563485220590932556e+01
7.563485220590932556e+01
7.559193025421369327e+01
7.559193025421369327e+01
7.563485220590932556e+01
7.563485220590932556e+01
7.563485220590932556e+01
7.563485220590932556e+01
7.563485220590932556e+01
7.563485220590932556e+01
7.563485220590932556e+01
7.563485220590932556e+01
7.563485220590932556e+01
7.563485220590932556e+01
7.563485220590932556e+01
7.563485220590932556e+01
7.563485220590932556e+01
7.563485220590932556e+01
7.563485220590932556e+01
7.563485220590932556e+01
7.562410440549925283e+01
7.562410440549925283e+01
7.562410440549925283e+01
7.577195209806721721e+01
7.562410440549925283e+01
7.563485220590932556e+01
7.563485220590932556e+01
7.563485220590932556e+01
7.563485220590932556e+01
7.563485220590932556e+01
7.563485220590932556e+01
7.563485220590932556e+01
7.563485220590932556e+01
7.577195209806721721e+01
7.563485220590932556e+01
7.563485220590932556e+01
7.563485220590932556e+01
7.563485220590932556e+01
7.563485220590932556e+01
7.563485220590932556e+01
7.563485220590932556e+01
7.563485220590932556e+01
7.563485220590932556e+01
7.563485220590932556e+01
7.563485220590932556e+01
7.563485220590932556e+01
7.552516736638764883e+01
7.556874391480678810e+01
7.563485220590932556e+01
7.563485220590932556e+01
7.563485220590932556e+01
7.563485220590932556e+01
7.563485220590932556e+01
7.563485220590932556e+01
7.563485220590932556e+01
7.563485220590932556e+01
7.563485220590932556e+01
7.563485220590932556e+01
7.563485220590932556e+01
7.563485220590932556e+01
7.563485220590932556e+01
7.563485220590932556e+01
7.563485220590932556e+01
7.563485220590932556e+01
7.563485220590932556e+01
7.563485220590932556e+01
7.563485220590932556e+01
7.563485220590932556e+01
7.562410440549925283e+01
7.563485220590932556e+01
7.563485220590932556e+01
7.563485220590932556e+01
7.562410440549925283e+01
7.563485220590932556e+01
7.563485220590932556e+01
7.563485220590932556e+01
7.563485220590932556e+01
7.563485220590932556e+01
7.563485220590932556e+01
7.563485220590932556e+01
7.562410440549925283e+01
7.563485220590932556e+01
7.563485220590932556e+01
7.563485220590932556e+01
7.563485220590932556e+01
7.563485220590932556e+01
7.563485220590932556e+01
7.563485220590932556e+01
7.563485220590932556e+01
7.563485220590932556e+01
7.563485220590932556e+01
7.563485220590932556e+01
7.563485220590932556e+01
7.563485220590932556e+01
7.563485220590932556e+01
7.563485220590932556e+01
7.563485220590932556e+01
7.563485220590932556e+01
7.563485220590932556e+01
7.563485220590932556e+01
7.563485220590932556e+01
7.563485220590932556e+01
7.563485220590932556e+01
7.563485220590932556e+01
7.563485220590932556e+01
7.563485220590932556e+01
7.563485220590932556e+01
7.563485220590932556e+01
7.563485220590932556e+01
7.563485220590932556e+01
7.563485220590932556e+01
7.556874391480678810e+01
7.556874391480678810e+01
7.556874391480678810e+01
7.563485220590932556e+01
7.560202286007846340e+01
7.563485220590932556e+01
7.560929853636464770e+01
7.556507727314091483e+01
7.556507727314091483e+01
7.556507727314091483e+01
7.563485220590932556e+01
7.556874391480678810e+01
7.558194291723782499e+01
7.563485220590932556e+01
7.556304800499751195e+01
7.556304800499751195e+01
7.556304800499751195e+01
7.556874391480678810e+01
7.550247060558085366e+01
7.552516736638764883e+01
7.550247060558085366e+01
7.563485220590932556e+01
7.563485220590932556e+01
7.563485220590932556e+01
7.556874391480678810e+01
7.560202286007846340e+01
7.559193025421369327e+01
7.556874391480678810e+01
7.550247060558085366e+01
7.550247060558085366e+01
7.550247060558085366e+01
7.560202286007846340e+01
7.556874391480678810e+01
7.550247060558085366e+01
7.550247060558085366e+01
7.550247060558085366e+01
7.550247060558085366e+01
7.550247060558085366e+01
7.552516736638764883e+01
7.563485220590932556e+01
7.563485220590932556e+01
7.563485220590932556e+01
7.556507727314091483e+01
7.556507727314091483e+01
7.556507727314091483e+01
7.563485220590932556e+01
7.563485220590932556e+01
7.563485220590932556e+01
7.563485220590932556e+01
7.563485220590932556e+01
7.563485220590932556e+01
7.563485220590932556e+01
7.563485220590932556e+01
7.563485220590932556e+01
7.563485220590932556e+01
7.563485220590932556e+01
7.556874391480678810e+01
7.556874391480678810e+01
7.556874391480678810e+01
7.563485220590932556e+01
7.563485220590932556e+01
7.563485220590932556e+01
7.563485220590932556e+01
7.563485220590932556e+01
7.563485220590932556e+01
7.563485220590932556e+01
7.563485220590932556e+01
7.563485220590932556e+01
7.563485220590932556e+01
7.563485220590932556e+01
7.577195209806721721e+01
7.577195209806721721e+01
7.577195209806721721e+01
7.563485220590932556e+01
7.563485220590932556e+01
7.557554488931164371e+01
7.550247060558085366e+01
7.550247060558085366e+01
7.550247060558085366e+01
7.550247060558085366e+01
7.558194291723782499e+01
7.550247060558085366e+01
7.563485220590932556e+01
7.563485220590932556e+01
7.563485220590932556e+01
7.563485220590932556e+01
7.563485220590932556e+01
7.563485220590932556e+01
7.558194291723782499e+01
7.563485220590932556e+01
7.563485220590932556e+01
7.563485220590932556e+01
7.563485220590932556e+01
7.563485220590932556e+01
7.563485220590932556e+01
7.563485220590932556e+01
7.557554488931164371e+01
7.556874391480678810e+01
7.563485220590932556e+01
7.563485220590932556e+01
7.563485220590932556e+01
7.563485220590932556e+01
7.552516736638764883e+01
7.552516736638764883e+01
7.550247060558085366e+01
7.550247060558085366e+01
7.550247060558085366e+01
7.550247060558085366e+01
7.563485220590932556e+01
7.550247060558085366e+01
7.556874391480678810e+01
7.552516736638764883e+01
7.560202286007846340e+01
7.560202286007846340e+01
7.560202286007846340e+01
7.552516736638764883e+01
7.552516736638764883e+01
7.550247060558085366e+01
7.550247060558085366e+01
7.550247060558085366e+01
7.550247060558085366e+01
7.550247060558085366e+01
7.550247060558085366e+01
7.550247060558085366e+01
7.563485220590932556e+01
7.550247060558085366e+01
7.552516736638764883e+01
7.552516736638764883e+01
7.552516736638764883e+01
7.552516736638764883e+01
7.550247060558085366e+01
7.552516736638764883e+01
7.550247060558085366e+01
7.550247060558085366e+01
7.550247060558085366e+01
7.550247060558085366e+01
7.563485220590932556e+01
7.563485220590932556e+01
7.563485220590932556e+01
7.563485220590932556e+01
7.563485220590932556e+01
7.563485220590932556e+01
7.563485220590932556e+01
7.556874391480678810e+01
7.552516736638764883e+01
7.556874391480678810e+01
7.563485220590932556e+01
7.563485220590932556e+01
7.563485220590932556e+01
7.563485220590932556e+01
7.563485220590932556e+01
7.563485220590932556e+01
7.563485220590932556e+01
7.563485220590932556e+01
7.556304800499751195e+01
7.556304800499751195e+01
7.556304800499751195e+01
7.556874391480678810e+01
7.559193025421369327e+01
7.563485220590932556e+01
7.557554488931164371e+01
7.563485220590932556e+01
7.563485220590932556e+01
7.563485220590932556e+01
7.563485220590932556e+01
7.556874391480678810e+01
7.556304800499751195e+01
7.563485220590932556e+01
7.556304800499751195e+01
7.556304800499751195e+01
7.556304800499751195e+01
7.556874391480678810e+01
7.563485220590932556e+01
7.557554488931164371e+01
7.560202286007846340e+01
7.560202286007846340e+01
7.560202286007846340e+01
7.560202286007846340e+01
7.563485220590932556e+01
7.556874391480678810e+01
7.552516736638764883e+01
7.552516736638764883e+01
7.550247060558085366e+01
7.550247060558085366e+01
7.550247060558085366e+01
7.556874391480678810e+01
7.563485220590932556e+01
7.563485220590932556e+01
7.556874391480678810e+01
7.556874391480678810e+01
7.556874391480678810e+01
7.556874391480678810e+01
7.563485220590932556e+01
7.560929853636464770e+01
7.556874391480678810e+01
7.560929853636464770e+01
7.556874391480678810e+01
7.556874391480678810e+01
7.556874391480678810e+01
7.556874391480678810e+01
7.556874391480678810e+01
7.550247060558085366e+01
7.556874391480678810e+01
7.563485220590932556e+01
7.563485220590932556e+01
7.563485220590932556e+01
7.552516736638764883e+01
7.556874391480678810e+01
7.550247060558085366e+01
7.556874391480678810e+01
7.552516736638764883e+01
7.552516736638764883e+01
7.552516736638764883e+01
7.556874391480678810e+01
7.563485220590932556e+01
7.556304800499751195e+01
7.563485220590932556e+01
7.557554488931164371e+01
7.557554488931164371e+01
7.557554488931164371e+01
7.558194291723782499e+01
7.563485220590932556e+01
7.563485220590932556e+01
7.556874391480678810e+01
7.552516736638764883e+01
7.552516736638764883e+01
7.552516736638764883e+01
7.560202286007846340e+01
7.556874391480678810e+01
7.556874391480678810e+01
7.552516736638764883e+01
7.550247060558085366e+01
7.550247060558085366e+01
7.550247060558085366e+01
7.550247060558085366e+01
7.550247060558085366e+01
7.551896427228385278e+01
7.556874391480678810e+01
7.552516736638764883e+01
7.552516736638764883e+01
7.552516736638764883e+01
7.550247060558085366e+01
7.552516736638764883e+01
7.550247060558085366e+01
7.552516736638764883e+01
7.550247060558085366e+01
7.550247060558085366e+01
7.550247060558085366e+01
7.550247060558085366e+01
7.550247060558085366e+01
7.550247060558085366e+01
7.550247060558085366e+01
7.552516736638764883e+01
7.552516736638764883e+01
7.552516736638764883e+01
7.552516736638764883e+01
7.550247060558085366e+01
7.556874391480678810e+01
7.563485220590932556e+01
7.556507727314091483e+01
7.556507727314091483e+01
7.556507727314091483e+01
7.550247060558085366e+01
7.550247060558085366e+01
7.550247060558085366e+01
7.550247060558085366e+01
7.552516736638764883e+01
7.552516736638764883e+01
7.552516736638764883e+01
7.552516736638764883e+01
7.551896427228385278e+01
7.550247060558085366e+01
7.550247060558085366e+01
7.550247060558085366e+01
7.550247060558085366e+01
7.550247060558085366e+01
7.552516736638764883e+01
7.550247060558085366e+01
7.550247060558085366e+01
7.550247060558085366e+01
7.550247060558085366e+01
7.550247060558085366e+01
7.550247060558085366e+01
7.550247060558085366e+01
7.550247060558085366e+01
7.550247060558085366e+01
7.550247060558085366e+01
7.550247060558085366e+01
7.550247060558085366e+01
7.550247060558085366e+01
7.552516736638764883e+01
7.556507727314091483e+01
7.550247060558085366e+01
7.556874391480678810e+01
7.556874391480678810e+01
7.556874391480678810e+01
7.556874391480678810e+01
7.556304800499751195e+01
7.550247060558085366e+01
7.550247060558085366e+01
7.550247060558085366e+01
7.550247060558085366e+01
7.550247060558085366e+01
7.550247060558085366e+01
7.550247060558085366e+01
7.550247060558085366e+01
7.550247060558085366e+01
7.550247060558085366e+01
7.550247060558085366e+01
7.550247060558085366e+01
7.550247060558085366e+01
7.550247060558085366e+01
7.552516736638764883e+01
7.550247060558085366e+01
7.550247060558085366e+01
7.550247060558085366e+01
7.550247060558085366e+01
7.550247060558085366e+01
7.550247060558085366e+01
7.550247060558085366e+01
7.550247060558085366e+01
7.550247060558085366e+01
7.550247060558085366e+01
7.550247060558085366e+01
7.550247060558085366e+01
7.550247060558085366e+01
7.550247060558085366e+01
7.550247060558085366e+01
7.550247060558085366e+01
7.550247060558085366e+01
7.550247060558085366e+01
7.550247060558085366e+01
7.550247060558085366e+01
7.550247060558085366e+01
7.550247060558085366e+01
7.550247060558085366e+01
7.550247060558085366e+01
7.550247060558085366e+01
7.550247060558085366e+01
7.550247060558085366e+01
7.550247060558085366e+01
7.550247060558085366e+01
7.550247060558085366e+01
7.556874391480678810e+01
7.556874391480678810e+01
7.556874391480678810e+01
7.552516736638764883e+01
7.550247060558085366e+01
7.550247060558085366e+01
7.550247060558085366e+01
7.550247060558085366e+01
7.550247060558085366e+01
7.550247060558085366e+01
7.556874391480678810e+01
7.552516736638764883e+01
7.550247060558085366e+01
7.550247060558085366e+01
7.550247060558085366e+01
7.550247060558085366e+01
7.550247060558085366e+01
7.556874391480678810e+01
7.550247060558085366e+01
7.550247060558085366e+01
7.550247060558085366e+01
7.550247060558085366e+01
7.550247060558085366e+01
7.550247060558085366e+01
7.550247060558085366e+01
7.550247060558085366e+01
7.550247060558085366e+01
7.550247060558085366e+01
7.550247060558085366e+01
7.550247060558085366e+01
7.550247060558085366e+01
7.552516736638764883e+01
7.550247060558085366e+01
7.550247060558085366e+01
7.556874391480678810e+01
7.550247060558085366e+01
7.550247060558085366e+01
7.550247060558085366e+01
7.563485220590932556e+01
7.563485220590932556e+01
7.563485220590932556e+01
7.556874391480678810e+01
7.556874391480678810e+01
7.556874391480678810e+01
7.556874391480678810e+01
7.563485220590932556e+01
7.563485220590932556e+01
7.560202286007846340e+01
7.552516736638764883e+01
7.550247060558085366e+01
7.550247060558085366e+01
7.550247060558085366e+01
7.557554488931164371e+01
7.563485220590932556e+01
7.563485220590932556e+01
7.550247060558085366e+01
7.552516736638764883e+01
7.552516736638764883e+01
7.552516736638764883e+01
7.560202286007846340e+01
7.552516736638764883e+01
7.556874391480678810e+01
7.550247060558085366e+01
7.550247060558085366e+01
7.550247060558085366e+01
7.550247060558085366e+01
7.557554488931164371e+01
7.564261114973233191e+01
7.550247060558085366e+01
7.550247060558085366e+01
7.550247060558085366e+01
7.550247060558085366e+01
7.550247060558085366e+01
7.550247060558085366e+01
7.556874391480678810e+01
7.550247060558085366e+01
7.552516736638764883e+01
7.556874391480678810e+01
7.556874391480678810e+01
7.556874391480678810e+01
7.556874391480678810e+01
7.550247060558085366e+01
7.550247060558085366e+01
7.550247060558085366e+01
7.550247060558085366e+01
7.550247060558085366e+01
7.550247060558085366e+01
7.552516736638764883e+01
7.552516736638764883e+01
7.552516736638764883e+01
7.556874391480678810e+01
7.557554488931164371e+01
7.557554488931164371e+01
7.557554488931164371e+01
7.550247060558085366e+01
7.552516736638764883e+01
7.556874391480678810e+01
7.556874391480678810e+01
7.556874391480678810e+01
7.556874391480678810e+01
7.556874391480678810e+01
7.552516736638764883e+01
7.550247060558085366e+01
7.550247060558085366e+01
7.550247060558085366e+01
7.550247060558085366e+01
7.550247060558085366e+01
7.550247060558085366e+01
7.560202286007846340e+01
7.557554488931164371e+01
7.552516736638764883e+01
7.556874391480678810e+01
7.556874391480678810e+01
7.556874391480678810e+01
7.556874391480678810e+01
7.556874391480678810e+01
7.550247060558085366e+01
7.556874391480678810e+01
7.558194291723782499e+01
7.552516736638764883e+01
7.552516736638764883e+01
7.552516736638764883e+01
7.552516736638764883e+01
7.550247060558085366e+01
7.552516736638764883e+01
7.552516736638764883e+01
7.560202286007846340e+01
7.560202286007846340e+01
7.560202286007846340e+01
7.563485220590932556e+01
7.556874391480678810e+01
7.560202286007846340e+01
7.563485220590932556e+01
7.563485220590932556e+01
7.563485220590932556e+01
7.563485220590932556e+01
7.560202286007846340e+01
7.552516736638764883e+01
7.550247060558085366e+01
7.552516736638764883e+01
7.552516736638764883e+01
7.552516736638764883e+01
7.552516736638764883e+01
7.550247060558085366e+01
7.550247060558085366e+01
7.550247060558085366e+01
7.550247060558085366e+01
7.552516736638764883e+01
7.552516736638764883e+01
7.552516736638764883e+01
7.550247060558085366e+01
7.550247060558085366e+01
7.550247060558085366e+01
7.550247060558085366e+01
7.550247060558085366e+01
7.550247060558085366e+01
7.550247060558085366e+01
7.550247060558085366e+01
7.556874391480678810e+01
7.559193025421369327e+01
7.563485220590932556e+01
7.552516736638764883e+01
7.552516736638764883e+01
7.552516736638764883e+01
7.556507727314091483e+01
7.552516736638764883e+01
7.552516736638764883e+01
7.550247060558085366e+01
7.550247060558085366e+01
7.550247060558085366e+01
7.550247060558085366e+01
7.552516736638764883e+01
7.552516736638764883e+01
7.550247060558085366e+01
7.550247060558085366e+01
7.550247060558085366e+01
7.550247060558085366e+01
7.550247060558085366e+01
7.552516736638764883e+01
7.550247060558085366e+01
7.556874391480678810e+01
7.550247060558085366e+01
7.557554488931164371e+01
7.557554488931164371e+01
7.557554488931164371e+01
7.556874391480678810e+01
7.560202286007846340e+01
7.563485220590932556e+01
7.550247060558085366e+01
