5.465199999999959601e+01
5.465200000000581326e+01
5.465200000000900360e+01
5.465200000001062364e+01
5.254999899990674095e+01
5.277999899992723698e+01
5.173199799993103909e+01
4.952600099974542047e+01
4.702799999973690603e+01
4.702799999973690603e+01
4.702799999973689893e+01
4.829399899983116029e+01
4.773799899995219675e+01
4.680199799993145859e+01
4.881999999980695293e+01
5.100600099971429557e+01
5.100600099971426715e+01
5.100600099971423873e+01
5.106800099992916842e+01
4.941199899994087019e+01
4.896799900000688410e+01
4.839599999999791891e+01
4.790399899999292899e+01
4.790399899999290056e+01
4.790399899999287214e+01
4.540199999992895386e+01
4.646200199998874325e+01
4.638999899998798782e+01
4.566599999998482673e+01
4.220600099981275122e+01
4.220600099981272280e+01
4.220600099981269437e+01
4.107199899976691171e+01
4.101599899980900688e+01
3.854600099979759165e+01
3.909799999966628548e+01
3.812599899987348806e+01
3.812599899987345964e+01
3.812599899987343122e+01
3.812599899987340279e+01
3.774000199993722049e+01
3.797199999990954922e+01
3.764400099997702398e+01
3.703200099993558325e+01
3.703200099993555483e+01
3.703200099993552641e+01
3.579399899989110878e+01
3.872000099987868538e+01
3.931800099988360842e+01
4.118999899977118417e+01
4.090000199984193330e+01
4.090000199984190488e+01
4.090000199984187645e+01
4.257599999993232842e+01
4.341999799991445741e+01
4.185200099985524957e+01
4.278200099997259542e+01
4.298400099998483626e+01
4.298400099998480783e+01
4.298400099998477941e+01
4.500600099990321468e+01
4.494800199989652612e+01
4.528599899999903045e+01
4.392399999991069848e+01
4.437200199997181471e+01
4.437200199997178629e+01
4.437200199997175787e+01
4.472800100001266088e+01
4.395200000000542673e+01
4.385399999996658238e+01
4.456800100000273801e+01
4.469200099999417120e+01
4.469200099999414277e+01
4.469200099999411435e+01
4.543399799997134636e+01
4.490999999995385394e+01
4.697999999987130337e+01
4.697999999987127495e+01
4.661999899999039343e+01
4.661999899999036501e+01
4.661999899999033659e+01
4.606800100001010634e+01
4.601200100000488646e+01
4.778399999995551894e+01
4.772000099998273726e+01
4.901599899995455445e+01
4.901599899995453313e+01
4.901599899995450471e+01
5.070000099992442699e+01
5.047600199997201287e+01
5.097199999994500530e+01
5.070800000002856223e+01
5.163600199999029883e+01
5.163600199999027041e+01
5.163600199999024198e+01
5.113600199999365259e+01
5.203400000002400816e+01
5.297600199992297121e+01
4.576399999973347832e+01
4.560800199994034898e+01
4.560800199994032056e+01
4.560800199994029214e+01
4.715399899995285438e+01
4.845199999997227991e+01
4.832199899995439552e+01
4.676999999996970558e+01
4.686800000000512512e+01
4.686800000000510380e+01
4.686800000000507538e+01
4.566400099999015083e+01
4.615000200001457387e+01
4.668399800002769950e+01
4.766000000001935177e+01
4.700199900004230358e+01
4.700199900004227516e+01
4.700199900004224673e+01
4.580199800002943533e+01
4.700000000002633271e+01
4.392399999994758275e+01
4.312799799997097239e+01
4.398799900002205732e+01
4.398799900002202889e+01
4.398799900002200047e+01
4.536600100001844993e+01
4.517200100003820751e+01
4.416599999997689707e+01
4.442999999999749861e+01
4.227999899996441258e+01
4.227999899996438415e+01
4.227999899996436284e+01
4.300000000002255973e+01
4.281600200001644652e+01
4.311800000005300149e+01
4.434199900002034411e+01
4.512200199995117345e+01
4.512200199995114502e+01
4.512200199995111660e+01
4.512200199995108818e+01
4.500199900001729247e+01
4.413600200001046403e+01
4.591599999998314985e+01
4.549000200003665384e+01
4.549000200003662542e+01
4.549000200003659700e+01
4.635800200002632465e+01
4.710800200002494620e+01
4.941999799993877929e+01
4.917399999996315785e+01
4.904000100001769624e+01
4.904000100001766782e+01
4.904000100001763940e+01
4.856200000002738904e+01
4.895800000004176411e+01
4.869800200003665225e+01
4.932000000002617668e+01
4.812400100000013481e+01
4.812400100000010639e+01
4.812400100000007797e+01
4.824599800003366568e+01
4.464199799989084028e+01
4.574000199994866023e+01
4.851200099990760606e+01
4.842599899992040235e+01
4.842599899992037393e+01
4.842599899992034551e+01
4.817400000000775151e+01
4.893800000000301509e+01
4.862599900001184494e+01
4.660599899985396632e+01
4.628599899997231404e+01
4.628599899997228562e+01
4.628599899997225720e+01
4.754399899997108037e+01
4.800999799996081663e+01
4.890599799999056785e+01
4.894800200000074852e+01
4.957799899996410886e+01
4.957799899996408044e+01
4.957799899996405202e+01
5.139199799993514972e+01
5.157799899999810833e+01
5.195000099999388254e+01
5.239400100002583827e+01
5.138999900000943200e+01
5.138999900000940357e+01
5.138999900000937515e+01
5.070000100002152266e+01
5.111600100002849700e+01
5.093600100001744124e+01
5.993600099960900707e+01
6.562599899960422078e+01
6.562599899960419236e+01
6.562599899960416394e+01
6.554199999979009306e+01
6.324399899989334983e+01
6.300199899994412078e+01
6.298400100002048418e+01
6.266199899999847389e+01
6.266199899999844547e+01
6.266199899999841705e+01
6.349399899995825791e+01
6.344399999998902473e+01
6.531600199997231471e+01
6.710800199986333325e+01
6.742800100000353325e+01
6.742800100000351904e+01
6.742800100000349062e+01
6.901799799993804641e+01
6.998599999998189958e+01
6.922199999996414022e+01
6.987000299999677111e+01
7.043399800002438838e+01
7.043399800002435995e+01
7.043399800002433153e+01
6.999800100003112391e+01
7.190399899997558464e+01
7.044399999999225770e+01
7.096600300000250172e+01
6.660800199982278968e+01
6.660800199982276126e+01
6.660800199982273284e+01
6.726799799989836970e+01
6.578399699997166294e+01
6.625800300001158405e+01
6.625800300001155563e+01
6.598799900006311248e+01
6.598799900006308405e+01
6.598799900006305563e+01
6.697399900000277739e+01
6.723999799999441507e+01
6.660600300001176777e+01
6.607399700004192766e+01
6.717800099997697316e+01
6.717800099997694474e+01
6.717800099997691632e+01
6.790599799995334251e+01
6.976799799995657736e+01
7.054000099998877715e+01
7.193599699997427876e+01
7.167800099999416830e+01
7.167800099999413987e+01
7.167800099999411145e+01
7.630000299980035550e+01
7.579799699996191009e+01
7.862999699986798419e+01
8.080799899980138434e+01
8.111799599985737075e+01
8.111799599985734233e+01
8.111799599985731390e+01
8.384400199988124314e+01
8.505000299996913782e+01
8.505000299996910940e+01
8.618800399992601058e+01
8.607599599993747574e+01
8.607599599993744732e+01
8.607599599993741890e+01
8.294000199989329758e+01
8.366599999993167103e+01
8.366599999993164261e+01
8.605200199994420984e+01
8.860199699980648802e+01
8.860199699980645960e+01
8.860199699980643118e+01
9.030799899993407109e+01
9.381199599980463688e+01
9.842800099958317617e+01
9.626799799962830662e+01
9.562999699988675673e+01
9.562999699988672830e+01
9.562999699988669988e+01
1.049719999996602979e+02
1.075839999996188965e+02
1.036999969998130098e+02
1.026979979997400392e+02
1.020999979998753986e+02
1.020999979998753702e+02
1.020999979998753417e+02
1.020999979998753133e+02
1.094400019998056024e+02
1.139120029995790588e+02
1.144400019997747080e+02
1.129639969998631273e+02
1.129639969998630988e+02
1.129639969998630704e+02
1.116039959998754796e+02
1.133799969999058419e+02
1.161979979998054091e+02
1.281620029996183234e+02
1.301139979998401657e+02
1.301139979998401373e+02
1.301139979998401088e+02
1.559999999993167421e+02
1.774120029990851037e+02
1.469400019992939690e+02
1.497920069994366372e+02
1.496139979998175704e+02
1.496139979998175420e+02
1.496139979998175136e+02
1.542559969996901543e+02
1.548760069999070481e+02
1.534579929999015917e+02
1.608000029996633771e+02
1.600059969998402778e+02
1.600059969998402494e+02
1.600059969998402210e+02
1.600059969998401925e+02
1.716799929998286700e+02
1.834839939996776934e+02
1.798820039998076652e+02
1.801999969998631173e+02
1.801999969998630888e+02
1.801999969998630604e+02
1.667579959998483332e+02
1.599819949998133097e+02
1.557599949998667910e+02
1.358000029996965168e+02
1.335980069996973896e+02
1.335980069996973612e+02
1.335980069996973327e+02
1.487239989997645750e+02
1.491020049996712373e+02
1.498999939998504658e+02
1.449080049999205073e+02
1.406959989998902074e+02
1.406959989998901790e+02
1.406959989998901506e+02
1.215999979998164804e+02
1.290659939998411119e+02
1.268460009998790525e+02
1.121100009997856972e+02
1.093239969997233771e+02
1.093239969997233487e+02
1.093239969997233203e+02
8.901399999975916444e+01
8.604000099970060944e+01
7.224400299970403694e+01
8.552799999959702859e+01
8.550599699962889133e+01
8.550599699962886291e+01
8.550599699962883449e+01
8.685800199982634240e+01
1.009999999997187956e+02
1.078499979997467051e+02
1.056320039998108200e+02
1.028720019998609416e+02
1.028720019998609132e+02
1.028720019998608848e+02
1.004260029999005752e+02
1.048000029998041640e+02
9.631199599987789384e+01
9.089399699976924296e+01
9.600199899972406570e+01
9.600199899972403728e+01
9.600199899972400885e+01
1.032480009998518966e+02
1.090899959998015021e+02
1.097679979998893600e+02
1.145999979998727412e+02
1.145999979998727127e+02
1.145999979998726843e+02
1.145999979998726559e+02
1.301900019997252969e+02
1.419779969995900331e+02
1.459660029997068875e+02
1.490420069997556141e+02
1.507779999998813025e+02
1.507779999998812741e+02
1.507779999998812457e+02
1.492720029998542088e+02
1.373439939997629722e+02
1.464219969998638362e+02
1.411260069998792801e+02
1.450299989998796946e+02
1.450299989998796661e+02
1.450299989998796377e+02
1.597499999997549196e+02
1.538240049998460393e+02
1.601020049998294041e+02
1.563760069996247353e+02
1.402640079995568954e+02
1.402640079995568669e+02
1.402640079995568385e+02
1.522380069997788326e+02
1.536419979998162830e+02
1.565160059999142561e+02
1.560079959999074504e+02
1.638840029998313526e+02
1.638840029998313241e+02
1.638840029998312957e+02
1.622579959998240327e+02
1.618820039998342395e+02
1.581920009997814418e+02
1.606659999998713033e+02
1.598339999999240888e+02
1.598339999999240604e+02
1.598339999999240320e+02
1.627259979999048767e+02
1.616020049999386856e+02
1.631119999999775700e+02
1.655200039998949535e+02
1.633760069999327698e+02
1.633760069999327413e+02
1.633760069999327129e+02
1.633760069999326845e+02
1.637740019999643550e+02
1.640460049999065575e+02
1.611620029999782275e+02
1.669999999999029114e+02
1.669999999999028830e+02
1.669999999999028546e+02
1.796199949998498369e+02
1.763119959998727495e+02
1.765919949999664880e+02
1.728760069999507607e+02
1.771320039999687026e+02
1.771320039999686742e+02
1.771320039999686458e+02
1.899839939998624061e+02
1.881340029999089154e+02
2.050099949997891144e+02
1.945679929998332796e+02
1.870559999998190790e+02
1.870559999998190506e+02
1.870559999998190222e+02
1.981799929998368270e+02
1.964259949998642867e+02
1.983580019999337196e+02
2.007920069999360351e+02
2.001799929999538961e+02
2.001799929999538676e+02
2.001799929999538392e+02
1.988639979999925060e+02
2.003560029999923984e+02
1.921699979999156653e+02
1.971959989999441234e+02
1.919479979999507862e+02
1.919479979999507577e+02
1.919479979999507293e+02
2.018699949999478065e+02
2.159620059998160286e+02
2.239259949998759964e+02
2.417319949998104960e+02
2.417319949998104676e+02
2.417319949998104391e+02
2.417319949998104107e+02
2.743160099997550105e+02
2.779719849997396182e+02
2.731759949998260595e+02
2.788559879999027658e+02
3.089299929997087588e+02
3.089299929997087020e+02
3.089299929997087020e+02
2.994119869994474925e+02
3.033599849997073079e+02
3.092019959998249874e+02
3.001279909998594917e+02
3.001679989999424265e+02
3.001679989999424265e+02
3.001679989999423697e+02
3.286000059998123675e+02
3.136719969998291617e+02
3.184660029998616437e+02
3.026140139996917924e+02
2.833999939997740967e+02
2.833999939997740398e+02
2.833999939997740398e+02
3.079200129998299644e+02
2.952980039998339521e+02
2.998219909999405104e+02
2.974979859999706377e+02
2.861520079998940105e+02
2.861520079998940105e+02
2.861520079998939536e+02
2.969999999999506599e+02
2.973999939999571893e+02
2.970039980000151445e+02
2.979159849999975904e+02
2.905419919999490617e+02
2.905419919999490048e+02
2.905419919999490048e+02
2.837139889999718889e+02
2.748779909999534539e+02
3.109519959997330147e+02
3.242000119997564980e+02
3.301419979998874510e+02
3.301419979998874510e+02
3.301419979998873941e+02
3.671279909997595041e+02
3.774179989998223732e+02
3.757059939998936215e+02
4.003659969997532926e+02
4.099960019997385530e+02
4.099960019997385530e+02
4.099960019997384961e+02
4.028399959997623228e+02
4.046679989999193481e+02
4.306340029998596037e+02
4.477499999997017426e+02
4.426799929997620779e+02
4.426799929997620211e+02
4.426799929997620211e+02
4.983200069997020023e+02
4.750499879997972812e+02
4.473699949997759973e+02
4.069999999998046292e+02
4.183200069997286050e+02
4.183200069997286050e+02
4.183200069997285482e+02
4.183200069997285482e+02
3.302099909997112377e+02
3.662799989998314345e+02
3.713399959998131976e+02
3.727200009998940686e+02
3.727200009998940118e+02
3.727200009998940118e+02
4.196199949998195393e+02
4.497600099997719667e+02
4.417600099998554697e+02
4.234299929998403513e+02
4.421499939998081459e+02
4.421499939998081459e+02
4.421499939998080890e+02
4.493900149997310223e+02
4.242300109998308244e+02
3.803599849997789875e+02
3.877900089997739883e+02
4.073399959998719737e+02
4.073399959998719169e+02
4.073399959998719169e+02
4.212000119999303820e+02
4.190700069999286939e+02
4.290100099999355621e+02
4.481600039999269143e+02
4.150899959998577060e+02
4.150899959998577060e+02
4.150899959998576492e+02
4.256799929999468759e+02
4.139800109999320625e+02
4.252999879999521227e+02
4.259200129999611022e+02
4.339999999999995453e+02
4.339999999999994884e+02
4.339999999999994884e+02
4.422999879999664472e+02
4.466499939999808930e+02
4.612999879999360928e+02
4.488800049999768476e+02
4.396700129999863975e+02
4.396700129999863975e+02
4.396700129999863407e+02
4.308299869999746647e+02
4.219400019999900451e+02
4.226400149999876703e+02
4.257900089999621400e+02
4.206300049999830435e+02
4.206300049999829866e+02
4.206300049999829866e+02
4.202799990000012826e+02
4.246799930000198628e+02
4.060199890000105256e+02
4.108299870000198553e+02
3.880400089999534430e+02
3.880400089999534430e+02
3.880400089999533861e+02
4.005100099999984877e+02
4.238999939999806656e+02
4.209800109999880533e+02
4.380899960000004398e+02
4.299500120000228662e+02
4.299500120000228094e+02
4.299500120000228094e+02
4.212600099999789336e+02
4.103599849999940261e+02
4.171300050000371016e+02
4.117600100000288421e+02
4.085000000000289901e+02
4.085000000000289901e+02
4.085000000000289901e+02
4.080899960000053284e+02
4.416099849998906848e+02
4.866400149998344773e+02
4.992699889998864933e+02
4.896099849999851017e+02
4.896099849999851017e+02
4.896099849999850449e+02
5.218499759999272101e+02
5.553800049999158546e+02
5.739999999999316742e+02
5.739999999999316742e+02
5.857600099999696113e+02
5.857600099999696113e+02
5.857600099999696113e+02
5.675999759998845775e+02
5.847600099999608574e+02
5.688200069999353445e+02
5.933800049999528028e+02
5.990399779999967222e+02
5.990399779999966086e+02
5.990399779999966086e+02
6.417600099999068561e+02
6.498800049998802706e+02
6.044799799998565959e+02
6.270700069998706567e+02
6.099899899999395529e+02
6.099899899999395529e+02
6.099899899999394393e+02
6.398300169999207583e+02
6.332499999999440661e+02
6.227700199999540018e+02
6.559000239999066935e+02
6.949999999993527808e+02
6.949999999993527808e+02
6.949999999993527808e+02
6.498599849999006892e+02
6.403400269999216334e+02
6.459799799999835841e+02
6.617700200000181212e+02
6.617700200000180075e+02
6.617700200000180075e+02
6.617700200000180075e+02
6.636900019999866345e+02
6.659899900000177695e+02
6.947800289999511278e+02
7.056699829999286067e+02
7.056699829999286067e+02
7.056699829999284930e+02
7.056699829999284930e+02
7.297700199999318329e+02
7.351099849999866365e+02
7.559799799999448169e+02
8.160399779999222574e+02
8.800200199998437256e+02
8.800200199998437256e+02
8.800200199998436119e+02
8.111900019998961398e+02
8.494400019999397955e+02
8.544099729999829833e+02
8.449999999999897682e+02
8.261599729999646797e+02
8.261599729999646797e+02
8.261599729999646797e+02
8.261599729999645660e+02
8.445499880000093071e+02
8.504500120000083143e+02
8.449899900000255002e+02
8.466400150000268923e+02
8.466400150000268923e+02
8.466400150000268923e+02
8.807999879999565565e+02
8.830900270000164483e+02
8.641599730000025374e+02
8.354299930000056520e+02
7.935300289999768211e+02
7.935300289999767074e+02
7.935300289999767074e+02
8.398099980000087044e+02
8.727899780000124110e+02
8.546900020000323366e+02
8.499899900000407342e+02
8.522299800000315599e+02
8.522299800000315599e+02
8.522299800000314463e+02
8.634199830000261500e+02
8.494600220000428408e+02
8.048200069999724064e+02
8.116599730000211821e+02
8.161199950000138870e+02
8.161199950000138870e+02
8.161199950000138870e+02
8.161199950000138870e+02
7.962199710000269306e+02
7.981500240000062831e+02
7.873800050000331794e+02
7.812999880000297708e+02
7.812999880000296571e+02
7.812999880000296571e+02
7.144999999999683951e+02
6.988400269998702470e+02
7.420200199999700317e+02
6.822199709999624702e+02
6.754999999999554348e+02
6.754999999999554348e+02
6.754999999999553211e+02
7.184299930000020140e+02
6.864400020000133509e+02
6.532000119999917160e+02
6.214400019998722655e+02
5.979500119997937873e+02
5.979500119997937873e+02
5.979500119997937873e+02
5.629999999999192823e+02
6.735800169998667570e+02
6.680599979998899016e+02
6.995999759999712069e+02
6.937299799999799461e+02
6.937299799999799461e+02
6.937299799999799461e+02
7.079400019999942515e+02
6.768800049999845214e+02
7.018099979999572042e+02
6.531599729999811643e+02
6.548699949999487444e+02
6.548699949999486307e+02
6.548699949999486307e+02
6.699999999999599822e+02
6.621599729999901456e+02
6.302700199999788992e+02
6.403900149999607265e+02
6.187100219999787214e+02
6.187100219999787214e+02
6.187100219999786077e+02
6.112899779999960401e+02
6.356199949999599994e+02
6.679299929999804135e+02
6.617499999999737383e+02
6.617499999999737383e+02
6.617499999999737383e+02
6.617499999999737383e+02
6.910499879999517816e+02
6.916199949999971750e+02
6.709699710000036248e+02
6.837999880000115809e+02
6.770200200000198265e+02
6.770200200000198265e+02
6.770200200000198265e+02
7.019799799999940433e+02
7.623200069999422794e+02
7.322299799999276502e+02
7.388499759999983780e+02
7.397800289999979668e+02
7.397800289999978531e+02
7.397800289999978531e+02
7.146300049999586008e+02
7.189899899999724084e+02
7.441199949999869432e+02
7.196900019999724236e+02
7.294000239999965061e+02
7.294000239999965061e+02
7.294000239999963924e+02
7.382000119999873959e+02
7.047399899999927584e+02
6.944000240000166286e+02
6.769999999999945430e+02
7.094400019999549158e+02
7.094400019999549158e+02
7.094400019999549158e+02
6.849000240000004851e+02
6.735999759999913294e+02
6.709400020000176710e+02
6.635399779999979728e+02
6.723699950000124090e+02
6.723699950000122953e+02
6.723699950000122953e+02
6.290399779999856946e+02
6.172000119999352137e+02
5.898900149999773248e+02
5.716900019999428650e+02
5.897399899999788886e+02
5.897399899999788886e+02
5.897399899999787749e+02
5.768300169999820355e+02
5.778699949999672754e+02
5.634600219999579167e+02
5.867800289999871666e+02
5.808800050000030524e+02
5.808800050000030524e+02
5.808800050000030524e+02
6.064400019999746974e+02
6.046900019999965252e+02
6.191300049999944122e+02
6.308499760000019023e+02
6.252199710000139703e+02
6.252199710000139703e+02
6.252199710000139703e+02
6.252199710000139703e+02
6.239000240000294752e+02
6.051199950000119543e+02
5.728400269999891634e+02
5.990499880000095345e+02
5.990499880000094208e+02
5.990499880000094208e+02
6.051300050000144211e+02
6.035900270000026921e+02
5.987800290000342329e+02
6.101199950000096806e+02
6.098900150000354188e+02
6.098900150000354188e+02
6.098900150000353051e+02
6.176900020000213090e+02
5.993599850000301785e+02
6.048699950000155923e+02
6.165999760000134984e+02
6.233099980000073401e+02
6.233099980000073401e+02
6.233099980000073401e+02
6.208300170000063645e+02
6.237100220000252193e+02
6.565700069999854804e+02
6.798200069999357993e+02
6.718699949999806904e+02
6.718699949999806904e+02
6.718699949999806904e+02
6.887199710000170398e+02
6.807600100000310022e+02
6.797000120000259358e+02
6.779199830000269458e+02
6.789000239999987798e+02
6.789000239999986661e+02
6.789000239999986661e+02
6.789000239999986661e+02
6.595800170000112530e+02
6.446500240000260646e+02
6.528099980000127971e+02
6.569500120000282095e+02
6.569500120000282095e+02
6.569500120000280958e+02
6.857000120000021752e+02
6.685399780000187775e+02
6.533800050000164674e+02
6.505999760000211154e+02
6.442199710000338655e+02
6.442199710000338655e+02
6.442199710000338655e+02
6.462199710000172672e+02
6.605000000000368345e+02
6.552899780000419696e+02
6.492600100000380507e+02
6.433800050000395458e+02
6.433800050000395458e+02
6.433800050000395458e+02
6.576199950000038825e+02
6.447800289999786401e+02
6.469799800000347432e+02
6.773499759999867820e+02
6.872000119999893286e+02
6.872000119999892149e+02
6.872000119999892149e+02
7.096699829999761278e+02
7.097399900000160642e+02
7.109199830000316069e+02
7.146300050000450028e+02
6.990999760000358947e+02
6.990999760000358947e+02
6.990999760000358947e+02
7.137600100000388466e+02
7.099899900000431217e+02
7.078200070000552842e+02
7.222500000000297860e+02
7.171699830000321754e+02
7.171699830000321754e+02
7.171699830000321754e+02
6.861699830000121665e+02
6.657100220000085073e+02
6.889899900000198159e+02
6.734699710000400046e+02
6.802600100000381644e+02
6.802600100000380507e+02
6.802600100000380507e+02
7.062999880000201074e+02
7.084899900000440311e+02
7.112000120000453762e+02
7.011599730000434647e+02
7.119199830000413840e+02
7.119199830000413840e+02
7.119199830000412703e+02
7.309099730000253885e+02
7.357199710000178356e+02
7.340900270000433920e+02
7.323900150000447411e+02
7.335700070000365258e+02
7.335700070000365258e+02
7.335700070000365258e+02
7.335700070000364121e+02
7.529199830000203519e+02
7.538699950000245735e+02
7.548599850000402967e+02
7.362700200000365385e+02
7.362700200000365385e+02
7.362700200000365385e+02
7.430000000000105729e+02
7.444899900000252728e+02
7.558300170000358094e+02
7.569899900000406205e+02
7.594899899999928721e+02
7.594899899999927584e+02
7.594899899999927584e+02
7.301699830000043221e+02
7.393800050000323836e+02
7.519400020000364293e+02
7.536400150000469012e+02
7.743900150000155236e+02
7.743900150000155236e+02
7.743900150000154099e+02
7.913599849999931166e+02
7.775599980000019968e+02
7.813099980000168898e+02
7.754799800000267851e+02
7.752199710000297728e+02
7.752199710000297728e+02
7.752199710000297728e+02
7.815300289999848928e+02
7.805900270000250885e+02
7.827500000000377440e+02
7.936099850000225615e+02
7.854899900000306161e+02
7.854899900000306161e+02
7.854899900000306161e+02
7.919400020000391578e+02
8.057199710000128334e+02
8.110800170000392200e+02
8.183200070000455071e+02
8.430300290000233190e+02
8.430300290000232053e+02
8.430300290000232053e+02
8.701099850000056222e+02
8.642700200000283530e+02
8.657999880000394342e+02
8.939999999999812417e+02
9.096799930000099721e+02
9.096799930000099721e+02
9.096799930000098584e+02
1.024859984999876815e+03
1.018429992999878209e+03
1.037859984999957987e+03
1.077040038999995659e+03
1.113999999999986812e+03
1.113999999999986812e+03
1.113999999999986585e+03
1.208589965999899505e+03
1.171999999999943839e+03
1.213859984999970948e+03
1.229910034000001815e+03
1.222089966000014329e+03
1.222089966000014329e+03
1.222089966000014329e+03
1.162939940999974851e+03
1.023499999999888928e+03
1.067949950999943212e+03
1.063510010000011334e+03
1.033420044000000416e+03
1.033420044000000416e+03
1.033420044000000416e+03
1.013390014999969594e+03
1.054729979999997340e+03
1.089010009999980866e+03
1.096380005000016126e+03
1.137060059000013553e+03
1.137060059000013553e+03
1.137060059000013553e+03
1.156869994999975688e+03
1.109030028999965225e+03
1.116000000000010459e+03
1.116000000000010459e+03
1.081920044000046573e+03
1.081920044000046573e+03
1.081920044000046573e+03
1.136989990000020725e+03
1.144760009999995191e+03
1.095000000000009550e+03
1.084599976000004062e+03
1.014969970999982706e+03
1.014969970999982593e+03
1.014969970999982593e+03
1.009010009999994281e+03
1.051750000000022737e+03
1.068959961000038902e+03
1.003799988000019084e+03
1.017030029000018772e+03
1.017030029000018772e+03
1.017030029000018658e+03
9.664099729999975352e+02
9.585100100000061047e+02
9.759899900000013986e+02
9.269199829999928397e+02
9.325700069999732023e+02
9.325700069999732023e+02
9.325700069999732023e+02
8.999400020000218774e+02
9.385300290000051291e+02
1.008869994999980577e+03
1.066999999999981810e+03
1.066999999999981810e+03
1.066999999999981810e+03
1.066999999999981583e+03
1.093939941000005774e+03
1.088469971000017722e+03
1.086189941000022372e+03
1.070339966000032518e+03
1.056780029000039576e+03
1.056780029000039576e+03
1.056780029000039576e+03
1.199780028999969090e+03
1.149589965999973174e+03
1.088119994999995470e+03
1.064699950999984139e+03
1.026959960999990699e+03
1.026959960999990699e+03
1.026959960999990699e+03
1.058119994999982282e+03
1.064400024000010944e+03
1.106219970999991119e+03
1.031560058999976036e+03
1.049609985000003007e+03
1.049609985000003007e+03
1.049609985000003007e+03
1.049609985000003007e+03
1.030510010000009970e+03
9.956500240000001440e+02
9.962700200000057293e+02
9.439000239999687665e+02
9.439000239999687665e+02
9.439000239999687665e+02
9.299999999999150759e+02
9.184000239999874111e+02
9.374099729999670672e+02
8.290999759999198204e+02
8.463499759999334628e+02
8.463499759999334628e+02
8.463499759999333492e+02
9.367199709999672450e+02
9.312500000000021600e+02
9.056599730000092450e+02
8.911400149999956284e+02
9.233200070000015103e+02
9.233200070000015103e+02
9.233200070000015103e+02
9.073400270000154251e+02
9.220000000000268301e+02
9.320000000000251248e+02
9.045499880000096482e+02
8.599999999999944293e+02
8.599999999999944293e+02
8.599999999999944293e+02
8.757600100000078100e+02
9.224299930000192944e+02
9.233900150000259828e+02
8.763499760000216838e+02
8.569799800000066625e+02
8.569799800000065488e+02
8.569799800000065488e+02
8.569799800000065488e+02
8.215300289999901224e+02
7.640399779999765997e+02
8.007700199999320603e+02
8.098699949999979708e+02
8.098699949999979708e+02
8.098699949999978571e+02
8.704299929999724554e+02
8.643699949999994487e+02
8.798900149999994937e+02
8.392899780000140026e+02
8.382899780000079772e+02
8.382899780000079772e+02
8.382899780000079772e+02
8.045800170000017033e+02
8.244000239999929818e+02
8.589699710000164714e+02
8.382999880000170378e+02
7.953499760000078140e+02
7.953499760000078140e+02
7.953499760000078140e+02
7.663699950000029730e+02
8.018900150000076792e+02
8.402299799999885863e+02
8.715999760000080414e+02
9.053900149999707310e+02
9.053900149999706173e+02
9.053900149999706173e+02
9.211599729999909414e+02
9.939799799999643710e+02
9.991099849999479829e+02
1.013919983000005686e+03
