5.415983109127471096e+01
5.403091397334031853e+01
5.404813208792561596e+01
5.406533723541695480e+01
5.413964517470701310e+01
5.432066996129643144e+01
5.435429718348007100e+01
5.426788351660265874e+01
5.413867848663973348e+01
5.415590023652506346e+01
5.417310899139791758e+01
5.424753433011152026e+01
5.442888905345845529e+01
5.446255245882873197e+01
5.437593594193059943e+01
5.424644299993914842e+01
5.426366838512451807e+01
5.428088074737888746e+01
5.435542348551602032e+01
5.453710814562047915e+01
5.457080773417739294e+01
5.448398836725854721e+01
5.435420751323856337e+01
5.437143653372397267e+01
5.438865250335985024e+01
5.446331264092052749e+01
5.464532723778250300e+01
5.467906300952605392e+01
5.459204079258649500e+01
5.446197202653798541e+01
5.447920468232342017e+01
5.449642425934081302e+01
5.457120179632503465e+01
5.475354632994452686e+01
5.478731828487471489e+01
5.470009321791443568e+01
5.456973653983740036e+01
5.458697283092287478e+01
5.460419601532177580e+01
5.467909095172954181e+01
5.486176542210655072e+01
5.489557356022337586e+01
5.480814564324238347e+01
5.467750105313681530e+01
5.469474097952232938e+01
5.471196777130274569e+01
5.478698010713404898e+01
5.496998451426857457e+01
5.500382883557204394e+01
5.491619806857033126e+01
5.478526556643623024e+01
5.480250912812177688e+01
5.481973952728370847e+01
5.489486926253855614e+01
5.507820360643059843e+01
5.511208411092070492e+01
5.502425049389827905e+01
5.489303007973564519e+01
5.491027727672123149e+01
5.492751128326467125e+01
5.500275841794305620e+01
5.518642269859262228e+01
5.522033938626936589e+01
5.513230291922621973e+01
5.500079459303506724e+01
5.501804542532068609e+01
5.503528303924563403e+01
5.511064757334756337e+01
5.529464179075464614e+01
5.532859466161802686e+01
5.524035534455416752e+01
5.510855910633448218e+01
5.512581357392013359e+01
5.514305479522660391e+01
5.521853672875207053e+01
5.540286088291666999e+01
5.543684993696668784e+01
5.534840776988211530e+01
5.521632361963389712e+01
5.523358172251958820e+01
5.525082655120756669e+01
5.532642588415657769e+01
5.551107997507869385e+01
5.554510521231534881e+01
5.545646019521005599e+01
5.532408813293331207e+01
5.534134987111904280e+01
5.535859830718852947e+01
5.543431503956108486e+01
5.561929906724071770e+01
5.565336048766401689e+01
5.556451262053800377e+01
5.543185264623272701e+01
5.544911801971849030e+01
5.546637006316949225e+01
5.554220419496559202e+01
5.572751815940274156e+01
5.576161576301267786e+01
5.567256504586595156e+01
5.553961715953214906e+01
5.555688616831794491e+01
5.557414181915046214e+01
5.565009335037009208e+01
5.583573725156476542e+01
5.586987103836133883e+01
5.578061747119389224e+01
5.564738167283156400e+01
5.566465431691739951e+01
5.568191357513142492e+01
5.575798250577459925e+01
5.594395634372678927e+01
5.597812631370999981e+01
5.588866989652184003e+01
5.575514618613097895e+01
5.577242246551684701e+01
5.578968533111238770e+01
5.586587166117910641e+01
5.605217543588881313e+01
5.608638158905866078e+01
5.599672232184978782e+01
5.586291069943039389e+01
5.588019061411630162e+01
5.589745708709335048e+01
5.597376081658361358e+01
5.616039452805084409e+01
5.619463686440732175e+01
5.610477474717772850e+01
5.597067521272981594e+01
5.598795876271575622e+01
5.600522884307432037e+01
5.608164997198812074e+01
5.626861362021286794e+01
5.630289213975598273e+01
5.621282717250567629e+01
5.607843972602923088e+01
5.609572691131520372e+01
5.611300059905528315e+01
5.618953912739262790e+01
5.637683271237489180e+01
5.641114741510465080e+01
5.632087959783362408e+01
5.618620423932864583e+01
5.620349505991465833e+01
5.622077235503624593e+01
5.629742828279712796e+01
5.648505180453691565e+01
5.651940269045331178e+01
5.642893202316157186e+01
5.629396875262806077e+01
5.631126320851411293e+01
5.632854411101720871e+01
5.640531743820163513e+01
5.659327089669893951e+01
5.662765796580197275e+01
5.653698444848951254e+01
5.640173326592747571e+01
5.641903135711356043e+01
5.643631586699817859e+01
5.651320659360614229e+01
5.670148998886096336e+01
5.673591324115063372e+01
5.664503687381746033e+01
5.650949777922689776e+01
5.652679950571301504e+01
5.654408762297914137e+01
5.662109574901064946e+01
5.680970908102298722e+01
5.684416851649929470e+01
5.675308929914540812e+01
5.661726229252631271e+01
5.663456765431246964e+01
5.665185937896010415e+01
5.672898490441515662e+01
5.691792817318501108e+01
5.695242379184795567e+01
5.686114172447334880e+01
5.672502680582572765e+01
5.674233580291192425e+01
5.675963113494107404e+01
5.683687405981966378e+01
5.702614726534703493e+01
5.706067906719661664e+01
5.696919414980129659e+01
5.683279131912514259e+01
5.685010395151137175e+01
5.686740289092203682e+01
5.694476321522417095e+01
5.713436635750905879e+01
5.716893434254528472e+01
5.707724657512924438e+01
5.694055583242455754e+01
5.695787210011082635e+01
5.697517464690299960e+01
5.705265237062867101e+01
5.724258544967108264e+01
5.727718961789394569e+01
5.718529900045718506e+01
5.704832034572397959e+01
5.706564024871028096e+01
5.708294640288396238e+01
5.716054152603317817e+01
5.735080454183310650e+01
5.738544489324260667e+01
5.729335142578513285e+01
5.715608485902339453e+01
5.717340839730972846e+01
5.719071815886493226e+01
5.726843068143768534e+01
5.745902363399513035e+01
5.749370016859126764e+01
5.740140385111308063e+01
5.726384937232280947e+01
5.728117654590918306e+01
5.729848991484589504e+01
5.737631983684219250e+01
5.756724272615715421e+01
5.760195544393992861e+01
5.750945627644102132e+01
5.737161388562222442e+01
5.738894469450863767e+01
5.740626167082685782e+01
5.748420899224669967e+01
5.767546181831917806e+01
5.771021071928858959e+01
5.761750870176896910e+01
5.747937839892164646e+01
5.749671284310808517e+01
5.751403342680782060e+01
5.759209814765120683e+01
5.778368091048120192e+01
5.781846599463725767e+01
5.772556112709691689e+01
5.758714291222106141e+01
5.760448099170753977e+01
5.762180518278879049e+01
5.769998730305570689e+01
5.789190000264322578e+01
5.792672126998591864e+01
5.783361355242486468e+01
5.769490742552047635e+01
5.771224914030699438e+01
5.772957693876975327e+01
5.780787645846021405e+01
5.800011909480524963e+01
5.803497654533457961e+01
5.794166597775280536e+01
5.780267193881989130e+01
5.782001728890644188e+01
5.783734869475071605e+01
5.791576561386472122e+01
5.810833818696727349e+01
5.814323182068324058e+01
5.804971840308075315e+01
5.791043645211930624e+01
5.792778543750589648e+01
5.794512045073167883e+01
5.802365476926922838e+01
5.821655727912929734e+01
5.825148709603190156e+01
5.815777082840870094e+01
5.801820096541872829e+01
5.803555358610535109e+01
5.805289220671264871e+01
5.813154392467373555e+01
5.832477637129132120e+01
5.835974237138056253e+01
5.826582325373664162e+01
5.812596547871814323e+01
5.814332173470479859e+01
5.816066396269361150e+01
5.823943308007824271e+01
5.843299546345335216e+01
5.846799764672922350e+01
5.837387567906458941e+01
5.823372999201755817e+01
5.825108988330425319e+01
5.826843571867457428e+01
5.834732223548274277e+01
5.854121455561537601e+01
5.857625292207789158e+01
5.848192810439253719e+01
5.834149450531697312e+01
5.835885803190370780e+01
5.837620747465553706e+01
5.845521139088724993e+01
5.864943364777739987e+01
5.868450819742655256e+01
5.858998052972047788e+01
5.844925901861639517e+01
5.846662618050315530e+01
5.848397923063650694e+01
5.856310054629175710e+01
5.875765273993942372e+01
5.879276347277521353e+01
5.869803295504842566e+01
5.855702353191581011e+01
5.857439432910260990e+01
5.859175098661746972e+01
5.867098970169626426e+01
5.886587183210144758e+01
5.890101874812387450e+01
5.880608538037637345e+01
5.866478804521522505e+01
5.868216247770206451e+01
5.869952274259843250e+01
5.877887885710077143e+01
5.897409092426347144e+01
5.900927402347253548e+01
5.891413780570432124e+01
5.877255255851464000e+01
5.878993062630151201e+01
5.880729449857939528e+01
5.888676801250527859e+01
5.908231001642549529e+01
5.911752929882119645e+01
5.902219023103226192e+01
5.888031707181405494e+01
5.889769877490096661e+01
5.891506625456036517e+01
5.899465716790977865e+01
5.919052910858751915e+01
5.922578457416986453e+01
5.913024265636020971e+01
5.898808158511347699e+01
5.900546692350042122e+01
5.902283801054132795e+01
5.910254632331428581e+01
5.929874820074954300e+01
5.933403984951852550e+01
5.923829508168815750e+01
5.909584609841289193e+01
5.911323507209986872e+01
5.913060976652229073e+01
5.921043547871879298e+01
5.940696729291156686e+01
5.944229512486718647e+01
5.934634750701609818e+01
5.920361061171230688e+01
5.922100322069932332e+01
5.923838152250325351e+01
5.931832463412330014e+01
5.951518638507359071e+01
5.955055040021584745e+01
5.945439993234404596e+01
5.931137512501172182e+01
5.932877136929877793e+01
5.934615327848422339e+01
5.942621378952780731e+01
5.962340547723561457e+01
5.965880567556450842e+01
5.956245235767199375e+01
5.941913963831113676e+01
5.943653951789822543e+01
5.945392503446518617e+01
5.953410294493231447e+01
5.973162456939763842e+01
5.976706095091316939e+01
5.967050478299993443e+01
5.952690415161055881e+01
5.954430766649768003e+01
5.956169679044614895e+01
5.964199210033681453e+01
5.983984366155966228e+01
5.987531622626183037e+01
5.977855720832788222e+01
5.963466866490997376e+01
5.965207581509713464e+01
5.966946854642711173e+01
5.974988125574132170e+01
5.994806275372168614e+01
5.998357150161049844e+01
5.988660963365583001e+01
5.974243317820938870e+01
5.975984396369658924e+01
5.977724030240808162e+01
5.985777041114582886e+01
6.005628184588370999e+01
6.009182677695915942e+01
5.999466205898377069e+01
5.985019769150880364e+01
5.986761211229603674e+01
5.988501205838904440e+01
5.996565956655033602e+01
6.016450093804573385e+01
6.020008205230782039e+01
6.010271448431171848e+01
5.995796220480822569e+01
5.997538026089549135e+01
5.999278381437000718e+01
6.007354872195484319e+01
6.027272003020775770e+01
6.030833732765648136e+01
6.021076690963966627e+01
6.006572671810764064e+01
6.008314840949494595e+01
6.010055557035097706e+01
6.018143787735935035e+01
6.038093912236978156e+01
6.041659260300514234e+01
6.031881933496761405e+01
6.017349123140705558e+01
6.019091655809439345e+01
6.020832732633193984e+01
6.028932703276385752e+01
6.048915821453180541e+01
6.052484787835380331e+01
6.042687176029555474e+01
6.028125574470647052e+01
6.029868470669384806e+01
6.031609908231290262e+01
6.039721618816835758e+01
6.059737730669382927e+01
6.063310315370247139e+01
6.053492418562350252e+01
6.038902025800588547e+01
6.040645285529330266e+01
6.042387083829386540e+01
6.050510534357286474e+01
6.070559639885586023e+01
6.074135842905113236e+01
6.064297661095145031e+01
6.049678477130530752e+01
6.051422100389275016e+01
6.053164259427483529e+01
6.061299449897737190e+01
6.081381549101788409e+01
6.084961370439979333e+01
6.075102903627939099e+01
6.060454928460472246e+01
6.062198915249220477e+01
6.063941435025579807e+01
6.072088365438187907e+01
6.092203458317990794e+01
6.095786897974845431e+01
6.085908146160733878e+01
6.071231379790413740e+01
6.072975730109165937e+01
6.074718610623676085e+01
6.082877280978638623e+01
6.103025367534193180e+01
6.106612425509711528e+01
6.096713388693528657e+01
6.082007831120355235e+01
6.083752544969110687e+01
6.085495786221772363e+01
6.093666196519089340e+01
6.113847276750395565e+01
6.117437953044577625e+01
6.107518631226322725e+01
6.092784282450296729e+01
6.094529359829056148e+01
6.096272961819869352e+01
6.104455112059539346e+01
6.124669185966597951e+01
6.128263480579443723e+01
6.118323873759117504e+01
6.103560733780238934e+01
6.105306174689001608e+01
6.107050137417965630e+01
6.115244027599990062e+01
6.135491095182800336e+01
6.139089008114310531e+01
6.129129116291912283e+01
6.114337185110180428e+01
6.116082989548946358e+01
6.117827313016061908e+01
6.126032943140440779e+01
6.146313004399002722e+01
6.149914535649176628e+01
6.139934358824706351e+01
6.125113636440121923e+01
6.126859804408891819e+01
6.128604488614158186e+01
6.136821858680891495e+01
6.157134913615205107e+01
6.160740063184042725e+01
6.150739601357501130e+01
6.135890087770063417e+01
6.137636619268837279e+01
6.139381664212255174e+01
6.147610774221342211e+01
6.167956822831407493e+01
6.171565590718908823e+01
6.161544843890295908e+01
6.146666539100005622e+01
6.148413434128782029e+01
6.150158839810351452e+01
6.158399689761792928e+01
6.178778732047609878e+01
6.182391118253774920e+01
6.172350086423090687e+01
6.157442990429947116e+01
6.159190248988727490e+01
6.160936015408447730e+01
6.169188605302242934e+01
6.189600641263812264e+01
6.193216645788641017e+01
6.183155328955884755e+01
6.168219441759888610e+01
6.169967063848672950e+01
6.171713191006544008e+01
6.179977520842693650e+01
6.200422550480014650e+01
6.204042173323507825e+01
6.193960571488679534e+01
6.178995893089830105e+01
6.180743878708617700e+01
6.182490366604640997e+01
6.190766436383144367e+01
6.211244459696217035e+01
6.214867700858373922e+01
6.204765814021474313e+01
6.189772344419771599e+01
6.191520693568563161e+01
6.193267542202737275e+01
6.201555351923595083e+01
6.222066368912419421e+01
6.225693228393240020e+01
6.215571056554268381e+01
6.200548795749713804e+01
6.202297508428508621e+01
6.204044717800833553e+01
6.212344267464045799e+01
6.232888278128621806e+01
6.236518755928106117e+01
6.226376299087063160e+01
6.211325247079655298e+01
6.213074323288453371e+01
6.214821893398929831e+01
6.223133183004496516e+01
6.243710187344824192e+01
6.247344283462972214e+01
6.237181541619857938e+01
6.222101698409596793e+01
6.223851138148398832e+01
6.225599068997026819e+01
6.233922098544946522e+01
6.254532096561026577e+01
6.258169810997838312e+01
6.247986784152652007e+01
6.232878149739538287e+01
6.234627953008344292e+01
6.236376244595123097e+01
6.244711014085397238e+01
6.265354005777228963e+01
6.268995338532704409e+01
6.258792026685446785e+01
6.243654601069480492e+01
6.245404767868289042e+01
6.247153420193219375e+01
6.255499929625847955e+01
6.276175914993431348e+01
6.279820866067571217e+01
6.269597269218241564e+01
6.254431052399421986e+01
6.256181582728234503e+01
6.257930595791315653e+01
6.266288845166298671e+01
6.286997824209633734e+01
6.290646393602437314e+01
6.280402511751035632e+01
6.265207503729363481e+01
6.266958397588179963e+01
6.268707771389412642e+01
6.277077760706749388e+01
6.297819733425836830e+01
6.301471921137303411e+01
6.291207754283830411e+01
6.275983955059304975e+01
6.277735212448125424e+01
6.279484946987508920e+01
6.287866676247200104e+01
6.308641642642039216e+01
6.312297448672169509e+01
6.302012996816625190e+01
6.286760406389246469e+01
6.288512027308070174e+01
6.290262122585605198e+01
6.298655591787650110e+01
6.319463551858241601e+01
6.323122976207035606e+01
6.312818239349419969e+01
6.297536857719188674e+01
6.299288842168015634e+01
6.301039298183702186e+01
6.309444507328100826e+01
6.330285461074443987e+01
6.333948503741901703e+01
6.323623481882214037e+01
6.308313309049130169e+01
6.310065657027961095e+01
6.311816473781798464e+01
6.320233422868551543e+01
6.341107370290646372e+01
6.344774031276768511e+01
6.334428724415008816e+01
6.319089760379071663e+01
6.320842471887905845e+01
6.322593649379894742e+01
6.331022338409002259e+01
6.351929279506848758e+01
6.355599558811634608e+01
6.345233966947803594e+01
6.329866211709013157e+01
6.331619286747851305e+01
6.333370824977991020e+01
6.341811253949452976e+01
6.362751188723051143e+01
6.366425086346500706e+01
6.356039209480597663e+01
6.340642663038954652e+01
6.342396101607796766e+01
6.344148000576088009e+01
6.352600169489903692e+01
6.373573097939253529e+01
6.377250613881366803e+01
6.366844452013392441e+01
6.351419114368896857e+01
6.353172916467741516e+01
6.354925176174184287e+01
6.363389085030354408e+01
6.384395007155455914e+01
6.388076141416232900e+01
6.377649694546187220e+01
6.362195565698838351e+01
6.363949731327686976e+01
6.365702351772280565e+01
6.374178000570804414e+01
6.395216916371658300e+01
6.398901668951098998e+01
6.388454937078981288e+01
6.372972017028779845e+01
6.374726546187632437e+01
6.376479527370376843e+01
6.384966916111255131e+01
6.406038825587860686e+01
6.409727196485965806e+01
6.399260179611776067e+01
6.383748468358721340e+01
6.385503361047577187e+01
6.387256702968473832e+01
6.395755831651705847e+01
6.416860734804063782e+01
6.420552724020831192e+01
6.410065422144570846e+01
6.394524919688663545e+01
6.396280175907522647e+01
6.398033878566570110e+01
6.406544747192155853e+01
6.427682644020265457e+01
6.431378251555698000e+01
6.420870664677364914e+01
6.405301371018605039e+01
6.407056990767468108e+01
6.408811054164667098e+01
6.417333662732606570e+01
6.438504553236468553e+01
6.442203779090563387e+01
6.431675907210160403e+01
6.416077822348546533e+01
6.417833805627412858e+01
6.419588229762763376e+01
6.428122578273057286e+01
6.449326462452670228e+01
6.453029306625430195e+01
6.442481149742954472e+01
6.426854273678488028e+01
6.428610620487359029e+01
6.430365405360859654e+01
6.438911493813508002e+01
6.460148371668873324e+01
6.463854834160297003e+01
6.453286392275748540e+01
6.437630725008429522e+01
6.439387435347303779e+01
6.441142580958955932e+01
6.449700409353958719e+01
6.470970280885074999e+01
6.474680361695162389e+01
6.464091634808544029e+01
6.448407176338371016e+01
6.450164250207248529e+01
6.451919756557052210e+01
6.460489324894409435e+01
6.481792190101278095e+01
6.485505889230029197e+01
6.474896877341338097e+01
6.459183627668312511e+01
6.460941065067194700e+01
6.462696932155148488e+01
6.471278240434860152e+01
6.492614099317479770e+01
6.496331416764894584e+01
6.485702119874132165e+01
6.469960078998255426e+01
6.471717879927139450e+01
6.473474107753244766e+01
6.482067155975310868e+01
6.503436008533682866e+01
6.507156944299761392e+01
6.496507362406927655e+01
6.480736530328196920e+01
6.482494694787084200e+01
6.484251283351341044e+01
6.492856071515761585e+01
6.514257917749884541e+01
6.517982471834626779e+01
6.507312604939721723e+01
6.491512981658138415e+01
6.493271509647030371e+01
6.495028458949438743e+01
6.503644987056212301e+01
6.525079826966087637e+01
6.528807999369493587e+01
6.518117847472515791e+01
6.502289432988079909e+01
6.504048324506975121e+01
6.505805634547535021e+01
6.514433902596663017e+01
6.535901736182289312e+01
6.539633526904360394e+01
6.528923090005311280e+01
6.513065884318021403e+01
6.514825139366919871e+01
6.516582810145631299e+01
6.525222818137113734e+01
6.546723645398492408e+01
6.550459054439225781e+01
6.539728332538105349e+01
6.523842335647962898e+01
6.525601954226866042e+01
6.527359985743727577e+01
6.536011733677563029e+01
6.557545554614694083e+01
6.561284581974092589e+01
6.550533575070899417e+01
6.534618786977904392e+01
6.536378769086810792e+01
6.538137161341823855e+01
6.546800649218013746e+01
6.568367463830897179e+01
6.572110109508957976e+01
6.561338817603694906e+01
6.545395238307845887e+01
6.547155583946755542e+01
6.548914336939920133e+01
6.557589564758464462e+01
6.579189373047098854e+01
6.582935637043824784e+01
6.572144060136488974e+01
6.556171689637787381e+01
6.557932398806701713e+01
6.559691512538016411e+01
6.568378480298915179e+01
6.590011282263301950e+01
6.593761164578691591e+01
6.582949302669283043e+01
6.566948140967728875e+01
6.568709213666646463e+01
6.570468688136112689e+01
6.579167395839365895e+01
6.600833191479503625e+01
6.604586692113556978e+01
6.593754545202078532e+01
6.577724592297671791e+01
6.579486028526591213e+01
6.581245863734210388e+01
6.589956311379816611e+01
6.611655100695706722e+01
6.615412219648423786e+01
6.604559787734872600e+01
6.588501043627613285e+01
6.590262843386537384e+01
6.592023039332306666e+01
6.600745226920267328e+01
6.622477009911908397e+01
6.626237747183289173e+01
6.615365030267666668e+01
6.599277494957554779e+01
6.601039658246482134e+01
6.602800214930402944e+01
6.611534142460718044e+01
6.633298919128111493e+01
6.637063274718155981e+01
6.626170272800462158e+01
6.610053946287496274e+01
6.611816473106426884e+01
6.613577390528499222e+01
6.622323058001168761e+01
6.644120828344314589e+01
6.647888802253021368e+01
6.636975515333256226e+01
6.620830397617437768e+01
6.622593287966373055e+01
6.624354566126595500e+01
6.633111973541619477e+01
6.654942737560516264e+01
6.658714329787888175e+01
6.647780757866051715e+01
6.631606848947379262e+01
6.633370102826317805e+01
6.635131741724691778e+01
6.643900889082070194e+01
6.665764646776719360e+01
6.669539857322754983e+01
6.658586000398845783e+01
6.642383300277320757e+01
6.644146917686262555e+01
6.645908917322788056e+01
6.654689804622520910e+01
6.676586555992921035e+01
6.680365384857620370e+01
6.669391242931639852e+01
6.653159751607262251e+01
6.654923732546208726e+01
6.656686092920885756e+01
6.665478720162971626e+01
6.687408465209124131e+01
6.691190912392487178e+01
6.680196485464435341e+01
6.663936202937203745e+01
6.665700547406153476e+01
6.667463268518982034e+01
6.676267635703420922e+01
6.698230374425325806e+01
6.702016439927352565e+01
6.691001727997229409e+01
6.674712654267146661e+01
6.676477362266098226e+01
6.678240444117078312e+01
6.687056551243871638e+01
6.709052283641528902e+01
6.712841967462219372e+01
6.701806970530023477e+01
6.685489105597088155e+01
6.687254177126044397e+01
6.689017619715174590e+01
6.697845466784322355e+01
6.719874192857730577e+01
6.723667494997084759e+01
6.712612213062818967e+01
6.696265556927029650e+01
6.698030991985989147e+01
6.699794795313270868e+01
6.708634382324773071e+01
6.730696102073933673e+01
6.734493022531951567e+01
6.723417455595613035e+01
6.707042008256971144e+01
6.708807806845933897e+01
6.710571970911367146e+01
6.719423297865223788e+01
6.741518011290135348e+01
6.745318550066818375e+01
6.734222698128407103e+01
6.717818459586912638e+01
6.719584621705880068e+01
6.721349146509463424e+01
6.730212213405674504e+01
6.752339920506338444e+01
6.756144077601683762e+01
6.745027940661202592e+01
6.728594910916854133e+01
6.730361436565824818e+01
6.732126322107559702e+01
6.741001128946125220e+01
6.763161829722540119e+01
6.766969605136550570e+01
6.755833183193996661e+01
6.739371362246795627e+01
6.741138251425769568e+01
6.742903497705657401e+01
6.751790044486575937e+01
6.773983738938743215e+01
6.777795132671415956e+01
6.766638425726790729e+01
6.750147813576737121e+01
6.751915066285715739e+01
6.753680673303753679e+01
6.762578960027026653e+01
6.784805648154944890e+01
6.788620660206282764e+01
6.777443668259586218e+01
6.760924264906678616e+01
6.762691881145660489e+01
6.764457848901849957e+01
6.773367875567477370e+01
6.795627557371147986e+01
6.799446187741148151e+01
6.788248910792380286e+01
6.771700716236621531e+01
6.773468696005605238e+01
6.775235024499946235e+01
6.784156791107928086e+01
6.806449466587349661e+01
6.810271715276014959e+01
6.799054153325174354e+01
6.782477167566563026e+01
6.784245510865551410e+01
6.786012200098042513e+01
6.794945706648378803e+01
6.817271375803552758e+01
6.821097242810881767e+01
6.809859395857969844e+01
6.793253618896504520e+01
6.795022325725496160e+01
6.796789375696138791e+01
6.805734622188828098e+01
6.828093285019754433e+01
6.831922770345747153e+01
6.820664638390763912e+01
6.804030070226446014e+01
6.805799140585440909e+01
6.807566551294235069e+01
6.816523537729278814e+01
6.838915194235957529e+01
6.842748297880613961e+01
6.831469880923557980e+01
6.814806521556387509e+01
6.816575955445387081e+01
6.818343726892331347e+01
6.827312453269729531e+01
6.849737103452159204e+01
6.853573825415479348e+01
6.842275123456353469e+01
6.825582972886329003e+01
6.827352770305331831e+01
6.829120902490429046e+01
6.838101368810180247e+01
6.860559012668362300e+01
6.864399352950346156e+01
6.853080365989147538e+01
6.836359424216270497e+01
6.838129585165276580e+01
6.839898078088525324e+01
6.848890284350630964e+01
6.871380921884565396e+01
6.875224880485212964e+01
6.863885608521941606e+01
6.847135875546211992e+01
6.848906400025222752e+01
6.850675253686621602e+01
6.859679199891081680e+01
6.882202831100767071e+01
6.886050408020078351e+01
6.874690851054737095e+01
6.857912326876153486e+01
6.859683214885167502e+01
6.861452429284717880e+01
6.870468115431532397e+01
6.893024740316970167e+01
6.896875935554945158e+01
6.885496093587531163e+01
6.868688778206096401e+01
6.870460029745112251e+01
6.872229604882814158e+01
6.881257030971983113e+01
6.903846649533171842e+01
6.907701463089810545e+01
6.896301336120325232e+01
6.879465229536037896e+01
6.881236844605058423e+01
6.883006780480910436e+01
6.892045946512433829e+01
6.914668558749374938e+01
6.918526990624677353e+01
6.907106578653120721e+01
6.890241680865979390e+01
6.892013659465003172e+01
6.893783956079006714e+01
6.902834862052884546e+01
6.925490467965576613e+01
6.929352518159542740e+01
6.917911821185914789e+01
6.901018132195920884e+01
6.902790474324947922e+01
6.904561131677102992e+01
6.913623777593335262e+01
6.936312377181779709e+01
6.940178045694409548e+01
6.928717063718710278e+01
6.911794583525862379e+01
6.913567289184894094e+01
6.915338307275200691e+01
6.924412693133785979e+01
6.947134286397981384e+01
6.951003573229276356e+01
6.939522306251504347e+01
6.922571034855803873e+01
6.924344104044838843e+01
6.926115482873296969e+01
6.935201608674235274e+01
6.957956195614184480e+01
6.961829100764141742e+01
6.950327548784298415e+01
6.933347486185745367e+01
6.935120918904783593e+01
6.936892658471393247e+01
6.945990524214685991e+01
6.968778104830386155e+01
6.972654628299008550e+01
6.961132791317093904e+01
6.944123937515686862e+01
6.945897733764729765e+01
6.947669834069489525e+01
6.956779439755136707e+01
6.979600014046589251e+01
6.983480155833873937e+01
6.971938033849887972e+01
6.954900388845628356e+01
6.956674548624674514e+01
6.958447009667585803e+01
6.967568355295587423e+01
6.990421923262790926e+01
6.994305683368740745e+01
6.982743276382682041e+01
6.965676840175569851e+01
6.967451363484619264e+01
6.969224185265682081e+01
6.978357270836038140e+01
7.001243832478994022e+01
7.005131210903606132e+01
6.993548518915477530e+01
6.976453291505512766e+01
6.978228178344565436e+01
6.980001360863778359e+01
6.989146186376488856e+01
7.012065741695195698e+01
7.015956738438472939e+01
7.004353761448271598e+01
6.987229742835454260e+01
6.989004993204510185e+01
6.990778536461876058e+01
6.999935101916939573e+01
7.022887650911398794e+01
7.026782265973339747e+01
7.015159003981065666e+01
6.998006194165395755e+01
6.999781808064454935e+01
7.001555712059972336e+01
7.010724017457390289e+01
7.033709560127600469e+01
7.037607793508205134e+01
7.025964246513861156e+01
7.008782645495337249e+01
7.010558622924401107e+01
7.012332887658068614e+01
7.021512932997841006e+01
7.044531469343803565e+01
7.048433321043071942e+01
7.036769489046655224e+01
7.019559096825278743e+01
7.021335437784345856e+01
7.023110063256164892e+01
7.032301848538291722e+01
7.055353378560005240e+01
7.059258848577937329e+01
7.047574731579449292e+01
7.030335548155220238e+01
7.032112252644292028e+01
7.033887238854261170e+01
7.043090764078742438e+01
7.066175287776208336e+01
7.070084376112804136e+01
7.058379974112244781e+01
7.041111999485161732e+01
7.042889067504236777e+01
7.044664414452357448e+01
7.053879679619193155e+01
7.076997196992410011e+01
7.080909903647669523e+01
7.069185216645038849e+01
