5.465200000000000102e+01
5.465200000000000102e+01
5.465200000000000102e+01
5.465200000000000102e+01
5.254999899999999968e+01
5.277999899999999656e+01
5.173199799999999726e+01
4.952600100000000083e+01
4.702799999999999869e+01
4.702799999999999869e+01
4.702799999999999869e+01
4.829399899999999946e+01
4.773799900000000207e+01
4.680199799999999755e+01
4.882000000000000028e+01
5.100600099999999770e+01
5.100600099999999770e+01
5.100600099999999770e+01
5.106800100000000242e+01
4.941199900000000156e+01
4.896799899999999894e+01
4.839600000000000080e+01
4.790399899999999889e+01
4.790399899999999889e+01
4.790399899999999889e+01
4.540200000000000102e+01
4.646200199999999825e+01
4.638999900000000309e+01
4.566599999999999682e+01
4.220600100000000054e+01
4.220600100000000054e+01
4.220600100000000054e+01
4.107199899999999815e+01
4.101599900000000076e+01
3.854600099999999685e+01
3.909799999999999898e+01
3.812599900000000019e+01
3.812599900000000019e+01
3.812599900000000019e+01
3.812599900000000019e+01
3.774000199999999694e+01
3.797200000000000131e+01
3.764400100000000293e+01
3.703200100000000106e+01
3.703200100000000106e+01
3.703200100000000106e+01
3.579399899999999946e+01
3.872000100000000344e+01
3.931800100000000242e+01
4.118999900000000025e+01
4.090000200000000063e+01
4.090000200000000063e+01
4.090000200000000063e+01
4.257600000000000051e+01
4.341999799999999965e+01
4.185200100000000134e+01
4.278200100000000106e+01
4.298400099999999924e+01
4.298400099999999924e+01
4.298400099999999924e+01
4.500600099999999770e+01
4.494800200000000245e+01
4.528599899999999678e+01
4.392399999999999949e+01
4.437200200000000194e+01
4.437200200000000194e+01
4.437200200000000194e+01
4.472800099999999901e+01
4.395199999999999818e+01
4.385399999999999920e+01
4.456800100000000242e+01
4.469200099999999765e+01
4.469200099999999765e+01
4.469200099999999765e+01
4.543399800000000255e+01
4.490999999999999659e+01
4.697999999999999687e+01
4.697999999999999687e+01
4.661999899999999997e+01
4.661999899999999997e+01
4.661999899999999997e+01
4.606800100000000242e+01
4.601200099999999793e+01
4.778399999999999892e+01
4.772000100000000344e+01
4.901599900000000076e+01
4.901599900000000076e+01
4.901599900000000076e+01
5.070000100000000032e+01
5.047600200000000115e+01
5.097200000000000131e+01
5.070799999999999841e+01
5.163600199999999774e+01
5.163600199999999774e+01
5.163600199999999774e+01
5.113600199999999774e+01
5.203399999999999892e+01
5.297600200000000115e+01
4.576400000000000290e+01
4.560800199999999904e+01
4.560800199999999904e+01
4.560800199999999904e+01
4.715399899999999889e+01
4.845199999999999818e+01
4.832199899999999815e+01
4.677000000000000313e+01
4.686800000000000210e+01
4.686800000000000210e+01
4.686800000000000210e+01
4.566400099999999895e+01
4.615000200000000063e+01
4.668399800000000255e+01
4.765999999999999659e+01
4.700199899999999786e+01
4.700199899999999786e+01
4.700199899999999786e+01
4.580199799999999755e+01
4.700000000000000000e+01
4.392399999999999949e+01
4.312799799999999806e+01
4.398799900000000207e+01
4.398799900000000207e+01
4.398799900000000207e+01
4.536600099999999713e+01
4.517200100000000162e+01
4.416599999999999682e+01
4.442999999999999972e+01
4.227999899999999656e+01
4.227999899999999656e+01
4.227999899999999656e+01
4.300000000000000000e+01
4.281600199999999745e+01
4.311800000000000210e+01
4.434199900000000127e+01
4.512200200000000194e+01
4.512200200000000194e+01
4.512200200000000194e+01
4.512200200000000194e+01
4.500199899999999786e+01
4.413600199999999774e+01
4.591599999999999682e+01
4.549000199999999694e+01
4.549000199999999694e+01
4.549000199999999694e+01
4.635800199999999904e+01
4.710800199999999904e+01
4.941999799999999965e+01
4.917399999999999949e+01
4.904000099999999662e+01
4.904000099999999662e+01
4.904000099999999662e+01
4.856199999999999761e+01
4.895799999999999841e+01
4.869800200000000245e+01
4.932000000000000028e+01
4.812400099999999981e+01
4.812400099999999981e+01
4.812400099999999981e+01
4.824599800000000016e+01
4.464199800000000096e+01
4.574000199999999694e+01
4.851200099999999793e+01
4.842599899999999735e+01
4.842599899999999735e+01
4.842599899999999735e+01
4.817399999999999949e+01
4.893800000000000239e+01
4.862599900000000019e+01
4.660599899999999707e+01
4.628599899999999678e+01
4.628599899999999678e+01
4.628599899999999678e+01
4.754399899999999946e+01
4.800999800000000306e+01
4.890599799999999675e+01
4.894800200000000245e+01
4.957799899999999838e+01
4.957799899999999838e+01
4.957799899999999838e+01
5.139199800000000096e+01
5.157799899999999838e+01
5.195000100000000032e+01
5.239400100000000293e+01
5.138999900000000309e+01
5.138999900000000309e+01
5.138999900000000309e+01
5.070000100000000032e+01
5.111600099999999713e+01
5.093600099999999742e+01
5.993600099999999742e+01
6.562599899999999309e+01
6.562599899999999309e+01
6.562599899999999309e+01
6.554200000000000159e+01
6.324399900000000230e+01
6.300199899999999786e+01
6.298400099999999924e+01
6.266199900000000156e+01
6.266199900000000156e+01
6.266199900000000156e+01
6.349399900000000230e+01
6.344400000000000261e+01
6.531600199999999745e+01
6.710800199999999904e+01
6.742800099999999475e+01
6.742800099999999475e+01
6.742800099999999475e+01
6.901799800000000573e+01
6.998600000000000421e+01
6.922199999999999420e+01
6.987000299999999697e+01
7.043399800000000255e+01
7.043399800000000255e+01
7.043399800000000255e+01
6.999800100000000214e+01
7.190399899999999889e+01
7.044400000000000261e+01
7.096600300000000061e+01
6.660800199999999904e+01
6.660800199999999904e+01
6.660800199999999904e+01
6.726799800000000573e+01
6.578399699999999939e+01
6.625800300000000220e+01
6.625800300000000220e+01
6.598799900000000207e+01
6.598799900000000207e+01
6.598799900000000207e+01
6.697399900000000628e+01
6.723999799999999993e+01
6.660600300000000118e+01
6.607399700000000564e+01
6.717800099999999475e+01
6.717800099999999475e+01
6.717800099999999475e+01
6.790599799999999675e+01
6.976799800000000573e+01
7.054000100000000373e+01
7.193599700000000041e+01
7.167800099999999475e+01
7.167800099999999475e+01
7.167800099999999475e+01
7.630000300000000379e+01
7.579799699999999518e+01
7.862999700000000303e+01
8.080799899999999525e+01
8.111799600000000510e+01
8.111799600000000510e+01
8.111799600000000510e+01
8.384400200000000325e+01
8.505000300000000379e+01
8.505000300000000379e+01
8.618800400000000650e+01
8.607599600000000351e+01
8.607599600000000351e+01
8.607599600000000351e+01
8.294000200000000689e+01
8.366599999999999682e+01
8.366599999999999682e+01
8.605200200000000166e+01
8.860199699999999723e+01
8.860199699999999723e+01
8.860199699999999723e+01
9.030799899999999525e+01
9.381199599999999350e+01
9.842800099999999475e+01
9.626799800000000573e+01
9.562999700000000303e+01
9.562999700000000303e+01
9.562999700000000303e+01
1.049719999999999942e+02
1.075840000000000032e+02
1.036999969999999962e+02
1.026979979999999983e+02
1.020999979999999994e+02
1.020999979999999994e+02
1.020999979999999994e+02
1.020999979999999994e+02
1.094400020000000069e+02
1.139120029999999986e+02
1.144400020000000069e+02
1.129639970000000062e+02
1.129639970000000062e+02
1.129639970000000062e+02
1.116039959999999951e+02
1.133799970000000030e+02
1.161979979999999983e+02
1.281620029999999986e+02
1.301139980000000094e+02
1.301139980000000094e+02
1.301139980000000094e+02
1.560000000000000000e+02
1.774120029999999986e+02
1.469400019999999927e+02
1.497920070000000123e+02
1.496139980000000094e+02
1.496139980000000094e+02
1.496139980000000094e+02
1.542559970000000078e+02
1.548760069999999871e+02
1.534579929999999877e+02
1.608000030000000038e+02
1.600059970000000078e+02
1.600059970000000078e+02
1.600059970000000078e+02
1.600059970000000078e+02
1.716799929999999961e+02
1.834839939999999956e+02
1.798820039999999949e+02
1.801999969999999962e+02
1.801999969999999962e+02
1.801999969999999962e+02
1.667579959999999915e+02
1.599819950000000119e+02
1.557599950000000035e+02
1.358000030000000038e+02
1.335980069999999955e+02
1.335980069999999955e+02
1.335980069999999955e+02
1.487239989999999921e+02
1.491020049999999912e+02
1.498999939999999924e+02
1.449080050000000028e+02
1.406959990000000005e+02
1.406959990000000005e+02
1.406959990000000005e+02
1.215999979999999994e+02
1.290659939999999892e+02
1.268460010000000011e+02
1.121100009999999969e+02
1.093239970000000056e+02
1.093239970000000056e+02
1.093239970000000056e+02
8.901399999999999579e+01
8.604000100000000373e+01
7.224400300000000641e+01
8.552800000000000580e+01
8.550599699999999359e+01
8.550599699999999359e+01
8.550599699999999359e+01
8.685800199999999904e+01
1.010000000000000000e+02
1.078499979999999994e+02
1.056320039999999949e+02
1.028720019999999948e+02
1.028720019999999948e+02
1.028720019999999948e+02
1.004260029999999944e+02
1.048000030000000038e+02
9.631199599999999350e+01
9.089399699999999882e+01
9.600199899999999786e+01
9.600199899999999786e+01
9.600199899999999786e+01
1.032480010000000021e+02
1.090899959999999993e+02
1.097679980000000057e+02
1.145999979999999994e+02
1.145999979999999994e+02
1.145999979999999994e+02
1.145999979999999994e+02
1.301900019999999927e+02
1.419779969999999878e+02
1.459660030000000006e+02
1.490420070000000123e+02
1.507779999999999916e+02
1.507779999999999916e+02
1.507779999999999916e+02
1.492720030000000122e+02
1.373439940000000092e+02
1.464219970000000046e+02
1.411260069999999871e+02
1.450299990000000037e+02
1.450299990000000037e+02
1.450299990000000037e+02
1.597500000000000000e+02
1.538240049999999997e+02
1.601020049999999912e+02
1.563760069999999871e+02
1.402640079999999898e+02
1.402640079999999898e+02
1.402640079999999898e+02
1.522380070000000103e+02
1.536419980000000010e+02
1.565160060000000044e+02
1.560079959999999915e+02
1.638840030000000070e+02
1.638840030000000070e+02
1.638840030000000070e+02
1.622579959999999915e+02
1.618820039999999949e+02
1.581920010000000048e+02
1.606659999999999968e+02
1.598340000000000032e+02
1.598340000000000032e+02
1.598340000000000032e+02
1.627259980000000041e+02
1.616020049999999912e+02
1.631119999999999948e+02
1.655200040000000001e+02
1.633760069999999871e+02
1.633760069999999871e+02
1.633760069999999871e+02
1.633760069999999871e+02
1.637740019999999959e+02
1.640460050000000081e+02
1.611620029999999986e+02
1.670000000000000000e+02
1.670000000000000000e+02
1.670000000000000000e+02
1.796199949999999887e+02
1.763119959999999935e+02
1.765919949999999972e+02
1.728760069999999871e+02
1.771320039999999949e+02
1.771320039999999949e+02
1.771320039999999949e+02
1.899839939999999956e+02
1.881340030000000070e+02
2.050099950000000035e+02
1.945679930000000013e+02
1.870560000000000116e+02
1.870560000000000116e+02
1.870560000000000116e+02
1.981799929999999961e+02
1.964259950000000003e+02
1.983580019999999990e+02
2.007920070000000123e+02
2.001799929999999961e+02
2.001799929999999961e+02
2.001799929999999961e+02
1.988639980000000094e+02
2.003560029999999870e+02
1.921699979999999925e+02
1.971959990000000005e+02
1.919479980000000126e+02
1.919479980000000126e+02
1.919479980000000126e+02
2.018699949999999887e+02
2.159620060000000024e+02
2.239259950000000003e+02
2.417319950000000119e+02
2.417319950000000119e+02
2.417319950000000119e+02
2.417319950000000119e+02
2.743160100000000057e+02
2.779719850000000179e+02
2.731759950000000003e+02
2.788559880000000248e+02
3.089299930000000245e+02
3.089299930000000245e+02
3.089299930000000245e+02
2.994119870000000105e+02
3.033599849999999947e+02
3.092019960000000083e+02
3.001279910000000086e+02
3.001679990000000089e+02
3.001679990000000089e+02
3.001679990000000089e+02
3.286000060000000076e+02
3.136719969999999762e+02
3.184660030000000006e+02
3.026140139999999974e+02
2.833999939999999924e+02
2.833999939999999924e+02
2.833999939999999924e+02
3.079200129999999831e+02
2.952980039999999917e+02
2.998219910000000255e+02
2.974979860000000258e+02
2.861520080000000235e+02
2.861520080000000235e+02
2.861520080000000235e+02
2.970000000000000000e+02
2.973999939999999924e+02
2.970039980000000241e+02
2.979159849999999778e+02
2.905419919999999934e+02
2.905419919999999934e+02
2.905419919999999934e+02
2.837139890000000264e+02
2.748779910000000086e+02
3.109519960000000083e+02
3.242000120000000152e+02
3.301419980000000010e+02
3.301419980000000010e+02
3.301419980000000010e+02
3.671279910000000086e+02
3.774179990000000089e+02
3.757059939999999756e+02
4.003659969999999930e+02
4.099960019999999759e+02
4.099960019999999759e+02
4.099960019999999759e+02
4.028399959999999851e+02
4.046679990000000089e+02
4.306340030000000070e+02
4.477500000000000000e+02
4.426799930000000245e+02
4.426799930000000245e+02
4.426799930000000245e+02
4.983200069999999755e+02
4.750499879999999848e+02
4.473699950000000172e+02
4.070000000000000000e+02
4.183200069999999755e+02
4.183200069999999755e+02
4.183200069999999755e+02
4.183200069999999755e+02
3.302099910000000023e+02
3.662799989999999752e+02
3.713399959999999851e+02
3.727200010000000248e+02
3.727200010000000248e+02
3.727200010000000248e+02
4.196199950000000172e+02
4.497600100000000225e+02
4.417600100000000225e+02
4.234299930000000245e+02
4.421499939999999924e+02
4.421499939999999924e+02
4.421499939999999924e+02
4.493900150000000053e+02
4.242300109999999904e+02
3.803599849999999947e+02
3.877900089999999977e+02
4.073399959999999851e+02
4.073399959999999851e+02
4.073399959999999851e+02
4.212000120000000152e+02
4.190700069999999755e+02
4.290100100000000225e+02
4.481600040000000149e+02
4.150899959999999851e+02
4.150899959999999851e+02
4.150899959999999851e+02
4.256799930000000245e+02
4.139800109999999904e+02
4.252999879999999848e+02
4.259200129999999831e+02
4.340000000000000000e+02
4.340000000000000000e+02
4.340000000000000000e+02
4.422999879999999848e+02
4.466499939999999924e+02
4.612999879999999848e+02
4.488800049999999828e+02
4.396700129999999831e+02
4.396700129999999831e+02
4.396700129999999831e+02
4.308299870000000169e+02
4.219400019999999927e+02
4.226400150000000053e+02
4.257900089999999977e+02
4.206300049999999828e+02
4.206300049999999828e+02
4.206300049999999828e+02
4.202799989999999752e+02
4.246799930000000245e+02
4.060199890000000096e+02
4.108299870000000169e+02
3.880400089999999977e+02
3.880400089999999977e+02
3.880400089999999977e+02
4.005100100000000225e+02
4.238999939999999924e+02
4.209800109999999904e+02
4.380899959999999851e+02
4.299500120000000152e+02
4.299500120000000152e+02
4.299500120000000152e+02
4.212600100000000225e+02
4.103599849999999947e+02
4.171300049999999828e+02
4.117600100000000225e+02
4.085000000000000000e+02
4.085000000000000000e+02
4.085000000000000000e+02
4.080899959999999851e+02
4.416099849999999947e+02
4.866400150000000053e+02
4.992699890000000096e+02
4.896099849999999947e+02
4.896099849999999947e+02
4.896099849999999947e+02
5.218499759999999696e+02
5.553800049999999828e+02
5.740000000000000000e+02
5.740000000000000000e+02
5.857600099999999657e+02
5.857600099999999657e+02
5.857600099999999657e+02
5.675999759999999696e+02
5.847600099999999657e+02
5.688200070000000323e+02
5.933800049999999828e+02
5.990399780000000192e+02
5.990399780000000192e+02
5.990399780000000192e+02
6.417600099999999657e+02
6.498800049999999828e+02
6.044799799999999550e+02
6.270700070000000323e+02
6.099899900000000343e+02
6.099899900000000343e+02
6.099899900000000343e+02
6.398300169999999980e+02
6.332500000000000000e+02
6.227700200000000450e+02
6.559000240000000304e+02
6.950000000000000000e+02
6.950000000000000000e+02
6.950000000000000000e+02
6.498599850000000515e+02
6.403400269999999637e+02
6.459799799999999550e+02
6.617700200000000450e+02
6.617700200000000450e+02
6.617700200000000450e+02
6.617700200000000450e+02
6.636900020000000495e+02
6.659899900000000343e+02
6.947800290000000132e+02
7.056699830000000020e+02
7.056699830000000020e+02
7.056699830000000020e+02
7.056699830000000020e+02
7.297700200000000450e+02
7.351099850000000515e+02
7.559799799999999550e+02
8.160399780000000192e+02
8.800200200000000450e+02
8.800200200000000450e+02
8.800200200000000450e+02
8.111900020000000495e+02
8.494400020000000495e+02
8.544099730000000363e+02
8.450000000000000000e+02
8.261599730000000363e+02
8.261599730000000363e+02
8.261599730000000363e+02
8.261599730000000363e+02
8.445499879999999848e+02
8.504500120000000152e+02
8.449899900000000343e+02
8.466400149999999485e+02
8.466400149999999485e+02
8.466400149999999485e+02
8.807999879999999848e+02
8.830900269999999637e+02
8.641599730000000363e+02
8.354299929999999677e+02
7.935300290000000132e+02
7.935300290000000132e+02
7.935300290000000132e+02
8.398099979999999505e+02
8.727899780000000192e+02
8.546900020000000495e+02
8.499899900000000343e+02
8.522299799999999550e+02
8.522299799999999550e+02
8.522299799999999550e+02
8.634199830000000020e+02
8.494600219999999808e+02
8.048200070000000323e+02
8.116599730000000363e+02
8.161199950000000172e+02
8.161199950000000172e+02
8.161199950000000172e+02
8.161199950000000172e+02
7.962199709999999868e+02
7.981500240000000304e+02
7.873800049999999828e+02
7.812999879999999848e+02
7.812999879999999848e+02
7.812999879999999848e+02
7.145000000000000000e+02
6.988400269999999637e+02
7.420200200000000450e+02
6.822199709999999868e+02
6.755000000000000000e+02
6.755000000000000000e+02
6.755000000000000000e+02
7.184299929999999677e+02
6.864400020000000495e+02
6.532000120000000152e+02
6.214400020000000495e+02
5.979500120000000152e+02
5.979500120000000152e+02
5.979500120000000152e+02
5.630000000000000000e+02
6.735800169999999980e+02
6.680599979999999505e+02
6.995999759999999696e+02
6.937299799999999550e+02
6.937299799999999550e+02
6.937299799999999550e+02
7.079400020000000495e+02
6.768800049999999828e+02
7.018099979999999505e+02
6.531599730000000363e+02
6.548699950000000172e+02
6.548699950000000172e+02
6.548699950000000172e+02
6.700000000000000000e+02
6.621599730000000363e+02
6.302700200000000450e+02
6.403900149999999485e+02
6.187100219999999808e+02
6.187100219999999808e+02
6.187100219999999808e+02
6.112899780000000192e+02
6.356199950000000172e+02
6.679299929999999677e+02
6.617500000000000000e+02
6.617500000000000000e+02
6.617500000000000000e+02
6.617500000000000000e+02
6.910499879999999848e+02
6.916199950000000172e+02
6.709699709999999868e+02
6.837999879999999848e+02
6.770200200000000450e+02
6.770200200000000450e+02
6.770200200000000450e+02
7.019799799999999550e+02
7.623200070000000323e+02
7.322299799999999550e+02
7.388499759999999696e+02
7.397800290000000132e+02
7.397800290000000132e+02
7.397800290000000132e+02
7.146300049999999828e+02
7.189899900000000343e+02
7.441199950000000172e+02
7.196900020000000495e+02
7.294000240000000304e+02
7.294000240000000304e+02
7.294000240000000304e+02
7.382000120000000152e+02
7.047399900000000343e+02
6.944000240000000304e+02
6.770000000000000000e+02
7.094400020000000495e+02
7.094400020000000495e+02
7.094400020000000495e+02
6.849000240000000304e+02
6.735999759999999696e+02
6.709400020000000495e+02
6.635399780000000192e+02
6.723699950000000172e+02
6.723699950000000172e+02
6.723699950000000172e+02
6.290399780000000192e+02
6.172000120000000152e+02
5.898900149999999485e+02
5.716900020000000495e+02
5.897399900000000343e+02
5.897399900000000343e+02
5.897399900000000343e+02
5.768300169999999980e+02
5.778699950000000172e+02
5.634600219999999808e+02
5.867800290000000132e+02
5.808800049999999828e+02
5.808800049999999828e+02
5.808800049999999828e+02
6.064400020000000495e+02
6.046900020000000495e+02
6.191300049999999828e+02
6.308499759999999696e+02
6.252199709999999868e+02
6.252199709999999868e+02
6.252199709999999868e+02
6.252199709999999868e+02
6.239000240000000304e+02
6.051199950000000172e+02
5.728400269999999637e+02
5.990499879999999848e+02
5.990499879999999848e+02
5.990499879999999848e+02
6.051300049999999828e+02
6.035900269999999637e+02
5.987800290000000132e+02
6.101199950000000172e+02
6.098900149999999485e+02
6.098900149999999485e+02
6.098900149999999485e+02
6.176900020000000495e+02
5.993599850000000515e+02
6.048699950000000172e+02
6.165999759999999696e+02
6.233099979999999505e+02
6.233099979999999505e+02
6.233099979999999505e+02
6.208300169999999980e+02
6.237100219999999808e+02
6.565700070000000323e+02
6.798200070000000323e+02
6.718699950000000172e+02
6.718699950000000172e+02
6.718699950000000172e+02
6.887199709999999868e+02
6.807600099999999657e+02
6.797000120000000152e+02
6.779199830000000020e+02
6.789000240000000304e+02
6.789000240000000304e+02
6.789000240000000304e+02
6.789000240000000304e+02
6.595800169999999980e+02
6.446500240000000304e+02
6.528099979999999505e+02
6.569500120000000152e+02
6.569500120000000152e+02
6.569500120000000152e+02
6.857000120000000152e+02
6.685399780000000192e+02
6.533800049999999828e+02
6.505999759999999696e+02
6.442199709999999868e+02
6.442199709999999868e+02
6.442199709999999868e+02
6.462199709999999868e+02
6.605000000000000000e+02
6.552899780000000192e+02
6.492600099999999657e+02
6.433800049999999828e+02
6.433800049999999828e+02
6.433800049999999828e+02
6.576199950000000172e+02
6.447800290000000132e+02
6.469799799999999550e+02
6.773499759999999696e+02
6.872000120000000152e+02
6.872000120000000152e+02
6.872000120000000152e+02
7.096699830000000020e+02
7.097399900000000343e+02
7.109199830000000020e+02
7.146300049999999828e+02
6.990999759999999696e+02
6.990999759999999696e+02
6.990999759999999696e+02
7.137600099999999657e+02
7.099899900000000343e+02
7.078200070000000323e+02
7.222500000000000000e+02
7.171699830000000020e+02
7.171699830000000020e+02
7.171699830000000020e+02
6.861699830000000020e+02
6.657100219999999808e+02
6.889899900000000343e+02
6.734699709999999868e+02
6.802600099999999657e+02
6.802600099999999657e+02
6.802600099999999657e+02
7.062999879999999848e+02
7.084899900000000343e+02
7.112000120000000152e+02
7.011599730000000363e+02
7.119199830000000020e+02
7.119199830000000020e+02
7.119199830000000020e+02
7.309099730000000363e+02
7.357199709999999868e+02
7.340900269999999637e+02
7.323900149999999485e+02
7.335700070000000323e+02
7.335700070000000323e+02
7.335700070000000323e+02
7.335700070000000323e+02
7.529199830000000020e+02
7.538699950000000172e+02
7.548599850000000515e+02
7.362700200000000450e+02
7.362700200000000450e+02
7.362700200000000450e+02
7.430000000000000000e+02
7.444899900000000343e+02
7.558300169999999980e+02
7.569899900000000343e+02
7.594899900000000343e+02
7.594899900000000343e+02
7.594899900000000343e+02
7.301699830000000020e+02
7.393800049999999828e+02
7.519400020000000495e+02
7.536400149999999485e+02
7.743900149999999485e+02
7.743900149999999485e+02
7.743900149999999485e+02
7.913599850000000515e+02
7.775599979999999505e+02
7.813099979999999505e+02
7.754799799999999550e+02
7.752199709999999868e+02
7.752199709999999868e+02
7.752199709999999868e+02
7.815300290000000132e+02
7.805900269999999637e+02
7.827500000000000000e+02
7.936099850000000515e+02
7.854899900000000343e+02
7.854899900000000343e+02
7.854899900000000343e+02
7.919400020000000495e+02
8.057199709999999868e+02
8.110800169999999980e+02
8.183200070000000323e+02
8.430300290000000132e+02
8.430300290000000132e+02
8.430300290000000132e+02
8.701099850000000515e+02
8.642700200000000450e+02
8.657999879999999848e+02
8.940000000000000000e+02
9.096799929999999677e+02
9.096799929999999677e+02
9.096799929999999677e+02
1.024859985000000052e+03
1.018429992999999968e+03
1.037859985000000052e+03
1.077040038999999979e+03
1.114000000000000000e+03
1.114000000000000000e+03
1.114000000000000000e+03
1.208589966000000004e+03
1.172000000000000000e+03
1.213859985000000052e+03
1.229910033999999996e+03
1.222089966000000004e+03
1.222089966000000004e+03
1.222089966000000004e+03
1.162939941000000090e+03
1.023500000000000000e+03
1.067949951000000056e+03
1.063510009999999966e+03
1.033420043999999962e+03
1.033420043999999962e+03
1.033420043999999962e+03
1.013390014999999948e+03
1.054729980000000069e+03
1.089010009999999966e+03
1.096380004999999983e+03
1.137060058999999910e+03
1.137060058999999910e+03
1.137060058999999910e+03
1.156869995000000017e+03
1.109030029000000013e+03
1.116000000000000000e+03
1.116000000000000000e+03
1.081920043999999962e+03
1.081920043999999962e+03
1.081920043999999962e+03
1.136989990000000034e+03
1.144760009999999966e+03
1.095000000000000000e+03
1.084599975999999970e+03
1.014969970999999987e+03
1.014969970999999987e+03
1.014969970999999987e+03
1.009010009999999966e+03
1.051750000000000000e+03
1.068959961000000021e+03
1.003799987999999985e+03
1.017030029000000013e+03
1.017030029000000013e+03
1.017030029000000013e+03
9.664099730000000363e+02
9.585100099999999657e+02
9.759899900000000343e+02
9.269199830000000020e+02
9.325700070000000323e+02
9.325700070000000323e+02
9.325700070000000323e+02
8.999400020000000495e+02
9.385300290000000132e+02
1.008869995000000017e+03
1.067000000000000000e+03
1.067000000000000000e+03
1.067000000000000000e+03
1.067000000000000000e+03
1.093939941000000090e+03
1.088469970999999987e+03
1.086189941000000090e+03
1.070339966000000004e+03
1.056780029000000013e+03
1.056780029000000013e+03
1.056780029000000013e+03
1.199780029000000013e+03
1.149589966000000004e+03
1.088119995000000017e+03
1.064699951000000056e+03
1.026959961000000021e+03
1.026959961000000021e+03
1.026959961000000021e+03
1.058119995000000017e+03
1.064400024000000030e+03
1.106219970999999987e+03
1.031560058999999910e+03
1.049609985000000052e+03
1.049609985000000052e+03
1.049609985000000052e+03
1.049609985000000052e+03
1.030510009999999966e+03
9.956500240000000304e+02
9.962700200000000450e+02
9.439000240000000304e+02
9.439000240000000304e+02
9.439000240000000304e+02
9.300000000000000000e+02
9.184000240000000304e+02
9.374099730000000363e+02
8.290999759999999696e+02
8.463499759999999696e+02
8.463499759999999696e+02
8.463499759999999696e+02
9.367199709999999868e+02
9.312500000000000000e+02
9.056599730000000363e+02
8.911400149999999485e+02
9.233200070000000323e+02
9.233200070000000323e+02
9.233200070000000323e+02
9.073400269999999637e+02
9.220000000000000000e+02
9.320000000000000000e+02
9.045499879999999848e+02
8.600000000000000000e+02
8.600000000000000000e+02
8.600000000000000000e+02
8.757600099999999657e+02
9.224299929999999677e+02
9.233900149999999485e+02
8.763499759999999696e+02
8.569799799999999550e+02
8.569799799999999550e+02
8.569799799999999550e+02
8.569799799999999550e+02
8.215300290000000132e+02
7.640399780000000192e+02
8.007700200000000450e+02
8.098699950000000172e+02
8.098699950000000172e+02
8.098699950000000172e+02
8.704299929999999677e+02
8.643699950000000172e+02
8.798900149999999485e+02
8.392899780000000192e+02
8.382899780000000192e+02
8.382899780000000192e+02
8.382899780000000192e+02
8.045800169999999980e+02
8.244000240000000304e+02
8.589699709999999868e+02
8.382999879999999848e+02
7.953499759999999696e+02
7.953499759999999696e+02
7.953499759999999696e+02
7.663699950000000172e+02
8.018900149999999485e+02
8.402299799999999550e+02
8.715999759999999696e+02
9.053900149999999485e+02
9.053900149999999485e+02
9.053900149999999485e+02
9.211599730000000363e+02
9.939799799999999550e+02
9.991099850000000515e+02
1.013919983000000002e+03
