5.465201644852367480e+01
5.465202326173040603e+01
5.465202848968778682e+01
5.465203289705972622e+01
5.255003577992764008e+01
5.278003929042331066e+01
5.173204151864236877e+01
4.952604752320633708e+01
4.702804934532038317e+01
4.702805201455029049e+01
4.702805455333459150e+01
4.829405597920670346e+01
4.773805830596755584e+01
4.680205954469308693e+01
4.882006370468834433e+01
5.100606679383368203e+01
5.100606881874095677e+01
5.100607078491768220e+01
5.106807269741071309e+01
4.941207256000546266e+01
4.896807437664350005e+01
4.839607715044570568e+01
4.790407788437568115e+01
4.790407958100860952e+01
4.790408124264813239e+01
4.540208387131023215e+01
4.646208746906415854e+01
4.639008603743457826e+01
4.566608857803721833e+01
4.220609109212998078e+01
4.220609258136044417e+01
4.220609404675860787e+01
4.107209348938753379e+01
4.101609491040626665e+01
3.854609831062396808e+01
3.909809869085734846e+01
3.812609905238699071e+01
3.812610039543412910e+01
3.812610172092283278e+01
3.812610302952425201e+01
3.774010732193170981e+01
3.797210659858117054e+01
3.764410886021556735e+01
3.703211010715499185e+01
3.703211134004429539e+01
3.703211255930926171e+01
3.579411176534742367e+01
3.872011495865373121e+01
3.931811613961038887e+01
4.119011530845940428e+01
4.090011946585926239e+01
4.090012061189651860e+01
4.090012174696615688e+01
4.257612087146763713e+01
4.342011998549688911e+01
4.185212408940230944e+01
4.278212518367068640e+01
4.298412626827749961e+01
4.298412734356170262e+01
4.298412840977128724e+01
4.500612946705066264e+01
4.494813151577296395e+01
4.528612955618052638e+01
4.392413158817311114e+01
4.437213461228300559e+01
4.437213562848430115e+01
4.437213663701582078e+01
4.472813663808958751e+01
4.395213663178134311e+01
4.385413761826649193e+01
4.456813959780484424e+01
4.469214057042452026e+01
4.469214153632150044e+01
4.469214249562509167e+01
4.543414044844576694e+01
4.491014339494032725e+01
4.698014433516298283e+01
4.698014526938185753e+01
4.662014519775024723e+01
4.662014612014284864e+01
4.662014703678828198e+01
4.606814994781246497e+01
4.601215085327348220e+01
4.778415075325196426e+01
4.772015264796548450e+01
4.901615153737603237e+01
4.901615242165844677e+01
4.901615330087320643e+01
5.070015617507641537e+01
5.047615804445950971e+01
5.097215690895162510e+01
5.070815776881711656e+01
5.163616062390062211e+01
5.163616147443715221e+01
5.163616232046145882e+01
5.113616316204803525e+01
5.203416199928961561e+01
5.297616483209528582e+01
4.576416366057370055e+01
4.560816648527375605e+01
4.560816730565464638e+01
4.560816812198419967e+01
4.715416593433444348e+01
4.845216774275763782e+01
4.832216754726621843e+01
4.677016934798595571e+01
4.686817014495770906e+01
4.686817093817864333e+01
4.686817172773567108e+01
4.566417351366421684e+01
4.615017529606768676e+01
4.668417207494348986e+01
4.766017485032845258e+01
4.700217462232129151e+01
4.700217539091267582e+01
4.700217615616956124e+01
4.580217591812219524e+01
4.700017867683516926e+01
4.392417943226434573e+01
4.312817818462787756e+01
4.398817993389083369e+01
4.398818068001309456e+01
4.398818142308369517e+01
4.536618416313625346e+01
4.517218490023399369e+01
4.416618463430819475e+01
4.443018536555680953e+01
4.228018509387850798e+01
4.228018581939364395e+01
4.228018654210211480e+01
4.300018826209446132e+01
4.281619097927986672e+01
4.311818969379640976e+01
4.434218940556273481e+01
4.512219311464150451e+01
4.512219382116776245e+01
4.512219452510124995e+01
4.512219522647028214e+01
4.500219292536892368e+01
4.413619662168523661e+01
4.591619531549859801e+01
4.549019800693668714e+01
4.549019869589105269e+01
4.549019938244065742e+01
4.635820006660028270e+01
4.710820074841362981e+01
4.942019742781118197e+01
4.917420010501201233e+01
4.904020177995908369e+01
4.904020245259061994e+01
4.904020312298376183e+01
4.856220279117048477e+01
4.895820345716747823e+01
4.869820612097210955e+01
4.932020478261961927e+01
4.812420644212060239e+01
4.812420709953710229e+01
4.812420775486322810e+01
4.824620540815241299e+01
4.464220605921413210e+01
4.574021070844464276e+01
4.851221035556331884e+01
4.842620900074150825e+01
4.842620964393086069e+01
4.842621028516223447e+01
4.817421192454084178e+01
4.893821256190461355e+01
4.862621219737650335e+01
4.660621283079322552e+01
4.628621346261444813e+01
4.628621409246206042e+01
4.628621472047068863e+01
4.754421534665519999e+01
4.801021497102343716e+01
4.890621559364006288e+01
4.894822021446082516e+01
4.957821783347359457e+01
4.957821845077670275e+01
4.957821906634823250e+01
5.139221868017380501e+01
5.157822029238844408e+01
5.195022290284719446e+01
5.239422351166732028e+01
5.139022211877798441e+01
5.139022272425745541e+01
5.139022332810269944e+01
5.070022593033904457e+01
5.111622653096213753e+01
5.093622712997192536e+01
5.993622772700170742e+01
6.562622632286499424e+01
6.562622691717520240e+01
6.562622750993972431e+01
6.554222910135653990e+01
6.324422869116883561e+01
6.300222927941849349e+01
6.298423186619514524e+01
6.266223045138622183e+01
6.266223103512331960e+01
6.266223161739557668e+01
6.349423219817383313e+01
6.344423377757998850e+01
6.531623635550633367e+01
6.710823693191863981e+01
6.742823650716881900e+01
6.742823708087775003e+01
6.742823765319587892e+01
6.901823522406782274e+01
6.998623779367828490e+01
6.922223836186613255e+01
6.987024192875311712e+01
7.043423749429341285e+01
7.043423805847388053e+01
7.043423862133151658e+01
6.999824218288242150e+01
7.190424074306658042e+01
7.044424230202760384e+01
7.096624585969577481e+01
6.660824541589641967e+01
6.660824597100791777e+01
6.660824652485922570e+01
6.726824307753456367e+01
6.578424262896434982e+01
6.625824917912591161e+01
6.625824972802095658e+01
6.598824627574914814e+01
6.598824682221543014e+01
6.598824736747936015e+01
6.697424791148858958e+01
6.724024745436310013e+01
6.660625299608442162e+01
6.607424753664729167e+01
6.717825207595134884e+01
6.717825261416413696e+01
6.717825315122811958e+01
6.790625068712708412e+01
6.976825122191861794e+01
7.054025475561205383e+01
7.193625128813881986e+01
7.167825581958705072e+01
7.167825634990936123e+01
7.167825687913254740e+01
7.630025940706970289e+01
7.579825393427658753e+01
7.863025446014908937e+01
8.080825698497662302e+01
8.111825450886094302e+01
8.111825503162992845e+01
8.111825555334601745e+01
8.384426207403946307e+01
8.505026359375659695e+01
8.505026411235171224e+01
8.618826562987581497e+01
8.607625814643263595e+01
8.607625866196212883e+01
8.607625917648176994e+01
8.294026568995336390e+01
8.366626420250936746e+01
8.366626471403468202e+01
8.605226722458604627e+01
8.860226273400624564e+01
8.860226324258891850e+01
8.860226375020192791e+01
9.030826625697847021e+01
9.381226376253928834e+01
9.842826926705484425e+01
9.626826677088911310e+01
9.563026627399416668e+01
9.563026677590346480e+01
9.563026727688071560e+01
1.049722707767047183e+02
1.075842712757919486e+02
1.037002687741980225e+02
1.026982702714253861e+02
1.021002707679543988e+02
1.021002712634463165e+02
1.021002717580414156e+02
1.021002722517445562e+02
1.094402767444908449e+02
1.139122782361979063e+02
1.144402777274494838e+02
1.129642732177208444e+02
1.129642737070354173e+02
1.129642741954862259e+02
1.116042736830902697e+02
1.133802751698576117e+02
1.161982766556439515e+02
1.281622821404978652e+02
1.301142776249193389e+02
1.301142781082819795e+02
1.301142785908119777e+02
1.560002810719902016e+02
1.774122845526360663e+02
1.469402840329024968e+02
1.497922895122870273e+02
1.496142809910981839e+02
1.496142814687209466e+02
1.496142819455402844e+02
1.542562814214329592e+02
1.548762918968744771e+02
1.534582783713022991e+02
1.608002888447099110e+02
1.600062833177491086e+02
1.600062837898316843e+02
1.600062842611384895e+02
1.600062847316732757e+02
1.716802812014283575e+02
1.834842826702794696e+02
1.798822931386508230e+02
1.802002866061905593e+02
1.802002870729214692e+02
1.802002875389025576e+02
1.667582870041228205e+02
1.599822864685801562e+02
1.557602869323869754e+02
1.358002953952344569e+02
1.335982998575210843e+02
1.335983003190782199e+02
1.335983007799102040e+02
1.487242932400876896e+02
1.491022996993862648e+02
1.499002891582423729e+02
1.449083006162776428e+02
1.406962950735041886e+02
1.406962955300558917e+02
1.406962959859057491e+02
1.216002954409833450e+02
1.290662918954638201e+02
1.268462993492653652e+02
1.121102998022465300e+02
1.093242962545727579e+02
1.093242967062784459e+02
1.093242971573043576e+02
8.901430060768943520e+01
8.604030205730643388e+01
7.224430450631476219e+01
8.552830195454497186e+01
8.550629940224936831e+01
8.550629984926013094e+01
8.550630029561206413e+01
8.685830574150561745e+01
1.010003041864410704e+02
1.078503026308618189e+02
1.056323090746714257e+02
1.028723075178225486e+02
1.028723079602817876e+02
1.028723084021021066e+02
1.004263098433259813e+02
1.048003102837803198e+02
9.631230372377407889e+01
9.089430516295745122e+01
9.600230760157896270e+01
9.600230803962297443e+01
9.600230847704695236e+01
1.032483109139814559e+02
1.090903063501228871e+02
1.097683087857903814e+02
1.146003092207437533e+02
1.146003096551066420e+02
1.146003100888650010e+02
1.146003105220213172e+02
1.301903149544307610e+02
1.419783103862552878e+02
1.459663168177373507e+02
1.490423212485591478e+02
1.507783146788682132e+02
1.507783151084643123e+02
1.507783155374754642e+02
1.492723189658771616e+02
1.373443103936344869e+02
1.464223138210061848e+02
1.411263242477169513e+02
1.450303166738395930e+02
1.450303170993909418e+02
1.450303175243737712e+02
1.597503189486656368e+02
1.538243243726093397e+02
1.601023247958835043e+02
1.563763272184100970e+02
1.402643286405161973e+02
1.402643290621349763e+02
1.402643294832008394e+02
1.522383289039379122e+02
1.536423203239418456e+02
1.565163287434598089e+02
1.560083191623286609e+02
1.638843265805859915e+02
1.638843269983792368e+02
1.638843274156344307e+02
1.622583208323464419e+02
1.618823292485419927e+02
1.581923266641426835e+02
1.606663260793561960e+02
1.598343264940048130e+02
1.598343269080748144e+02
1.598343273216210321e+02
1.627263257346262435e+02
1.616023331471646145e+02
1.631123285591901322e+02
1.655203329705782096e+02
1.633763363815727132e+02
1.633763367920172698e+02
1.633763372019516282e+02
1.633763376113777213e+02
1.637743330203290668e+02
1.640463364286864589e+02
1.611623348366706239e+02
1.670003322440070122e+02
1.670003326509196881e+02
1.670003330573352400e+02
1.796203284632024690e+02
1.763123298686521139e+02
1.765923292736808605e+02
1.728763416781102080e+02
1.771323390820850250e+02
1.771323394855554909e+02
1.771323398885413098e+02
1.899843302909380043e+02
1.881343396930062681e+02
2.050103320944288043e+02
1.945683304955375093e+02
1.870563378961118417e+02
1.870563382962259595e+02
1.870563386958674528e+02
1.981803320950557463e+02
1.964263344937843954e+02
1.983583418920873100e+02
2.007923472898570765e+02
2.001803336871779493e+02
2.001803340840181704e+02
2.001803344803971925e+02
1.988643398763553591e+02
2.003563452718167639e+02
1.921703406667451759e+02
1.971963420613239464e+02
1.919483414554276806e+02
1.919483418490730173e+02
1.919483422422682395e+02
2.018703396350119590e+02
2.159623510271797784e+02
2.239263404190937763e+02
2.417323408104383020e+02
2.417323412014057453e+02
2.417323415919321974e+02
2.417323419820190793e+02
2.743163573716125256e+02
2.779723327608094792e+02
2.731763431496730163e+02
2.788563365380932737e+02
3.089303419258105805e+02
3.089303423132910780e+02
3.089303427003422371e+02
2.994123370867043263e+02
3.033603354731608874e+02
3.092023468590502944e+02
3.001283422444327016e+02
3.001683506294413633e+02
3.001683510139461077e+02
3.001683513980312910e+02
3.286003587815683318e+02
3.136723501648353931e+02
3.184663565477026737e+02
3.026143679299535734e+02
2.834003483120437750e+02
2.834003486936402965e+02
2.834003490748266927e+02
3.079203684556603093e+02
2.952983598360344786e+02
2.998223472161050722e+02
2.974983425956943393e+02
2.861523649747733202e+02
2.861523653535265908e+02
2.861523657318788310e+02
2.970003581098880545e+02
2.974003524874487425e+02
2.970043568646635208e+02
2.979163442414068754e+02
2.905423516177244778e+02
2.905423519936971388e+02
2.905423523692775802e+02
2.837143497444898799e+02
2.748783521192710282e+02
3.109523574934616477e+02
3.242003738675087448e+02
3.301423602412771174e+02
3.301423606145295366e+02
3.301423609873981491e+02
3.671283543597562584e+02
3.774183627319236507e+02
3.757063581037191398e+02
4.003663614749239628e+02
4.099963668458764801e+02
4.099963672164667514e+02
4.099963675866814583e+02
4.028403619565455074e+02
4.046683653261694076e+02
4.306343696952041000e+02
4.477503670637697155e+02
4.426803604321834200e+02
4.426803608001679322e+02
4.426803611677845538e+02
4.983203755349745734e+02
4.750503569019542169e+02
4.473703642684528745e+02
4.070003696346378774e+02
4.183203770003559612e+02
4.183203773657887723e+02
4.183203777308613667e+02
4.183203780955747106e+02
3.302103624599128011e+02
3.662803708240313085e+02
3.713403681876554856e+02
3.727203735510236697e+02
3.727203739139571326e+02
3.727203742765377115e+02
4.196203686386920708e+02
4.497603840005223219e+02
4.417603843621340047e+02
4.234303677232982182e+02
4.421503690840975764e+02
4.421503694445822248e+02
4.421503698047212083e+02
4.493903911644382561e+02
4.242303875239884974e+02
3.803603618830441064e+02
3.877903862418048107e+02
4.073403736003276094e+02
4.073403739584124992e+02
4.073403743161584316e+02
4.212003906736249519e+02
4.190703860306942374e+02
4.290103893874360779e+02
4.481603837438271398e+02
4.150903760998235725e+02
4.150903764555559405e+02
4.150903768109560019e+02
4.256803741661138929e+02
4.139803925208373698e+02
4.253003698752661421e+02
4.259203952293552788e+02
4.340003825831460631e+02
4.340003829365716683e+02
4.340003832896713334e+02
4.423003716424130971e+02
4.466503779948781130e+02
4.613003723469607849e+02
4.488803896988067095e+02
4.396703980502999798e+02
4.396703984014630464e+02
4.396703987523065393e+02
4.308303731028195216e+02
4.219403884530416349e+02
4.226404018029289205e+02
4.257903961524768306e+02
4.206303925017558072e+02
4.206303928506993657e+02
4.206303931993293190e+02
4.202803875476647022e+02
4.246803818956884129e+02
4.060203782433731021e+02
4.108303765907661500e+02
3.880403989377739435e+02
3.880403992845395464e+02
3.880403996309972854e+02
4.005104009771931146e+02
4.239003853230198047e+02
4.209804026685663985e+02
4.380903880138134241e+02
4.299504043587666615e+02
4.299504047033944403e+02
4.299504050477200963e+02
4.212604033917006063e+02
4.103603787354393830e+02
4.171303990789063505e+02
4.117604044220229866e+02
4.085003947648498297e+02
4.085003951073790063e+02
4.085003954496114602e+02
4.080903917915243824e+02
4.416103811330511917e+02
4.866404114743420450e+02
4.992703858154474119e+02
4.896103821563065708e+02
4.896103824967749460e+02
4.896103828369519988e+02
5.218503741767806332e+02
5.553804035163657318e+02
5.740003988556887862e+02
5.740003991947078248e+02
5.857604095334771728e+02
5.857604098719215244e+02
5.857604102100796126e+02
5.676003765478671994e+02
5.847604108855315417e+02
5.688204082228098741e+02
5.933804065598477564e+02
5.990403798966295881e+02
5.990403802330855569e+02
5.990403805692603783e+02
6.417604129050648680e+02
6.498804082406527414e+02
6.044803835759646518e+02
6.270704109110356512e+02
6.099903942458838628e+02
6.099903945803861234e+02
6.099903949146120112e+02
6.398304222485436412e+02
6.332504055822422515e+02
6.227704259156531634e+02
6.559004302487334144e+02
6.950004065810338716e+02
6.950004069136160751e+02
6.950004072459266808e+02
6.498603925785142792e+02
6.403404349103046798e+02
6.459803882418663079e+02
6.617704285731315395e+02
6.617704289040940466e+02
6.617704292347888213e+02
6.617704295652165456e+02
6.636904118953466423e+02
6.659904002252735609e+02
6.947804395548375851e+02
7.056703938841811805e+02
7.056703942132835436e+02
7.056703945421227218e+02
7.056703948706992833e+02
7.297704321990173639e+02
7.351103975271256559e+02
7.559803928548766407e+02
8.160403911823867702e+02
8.800204335095814940e+02
8.800204338365958847e+02
8.800204341633522063e+02
8.111904164899033276e+02
8.494404168161886446e+02
8.544103881422171298e+02
8.450004154679535304e+02
8.261603887934028307e+02
8.261603891186225610e+02
8.261603894435883149e+02
8.261603897683007744e+02
8.445504050928050219e+02
8.504504294170116054e+02
8.449904077409844376e+02
8.466404330646906828e+02
8.466404333881450839e+02
8.466404337113494876e+02
8.808004070342342402e+02
8.830904463570007010e+02
8.641603926794450672e+02
8.354304130016589625e+02
7.935304493235938708e+02
7.935304496453110232e+02
7.935304499667826121e+02
8.398104192880406345e+02
8.727903996090257124e+02
8.546904239297829236e+02
8.499904122502848622e+02
8.522304025705262802e+02
8.522304028905341511e+02
8.522304032103000964e+02
8.634204065298195019e+02
8.494604458491197647e+02
8.048204311680926821e+02
8.116603974869451577e+02
8.161204198055021379e+02
8.161204201238278984e+02
8.161204204419152575e+02
8.161204207597650111e+02
7.962203970773908850e+02
7.981504503947462581e+02
7.873804317119131611e+02
7.813004150288143137e+02
7.813004153454836569e+02
7.813004156619188052e+02
7.145004279780584966e+02
6.988404552939279029e+02
7.420204486097625249e+02
6.822203999252571975e+02
6.755004292405204751e+02
6.755004295555595490e+02
6.755004298703674976e+02
7.184304231849920370e+02
6.864404324993511182e+02
6.532004428134479213e+02
6.214404331272182844e+02
5.979504434408009956e+02
5.979504437542342430e+02
5.979504440674403440e+02
5.630004323805450213e+02
6.735804496932452139e+02
6.680604310057951807e+02
6.996004093181778671e+02
6.937304136302633424e+02
6.937304139421153195e+02
6.937304142537433336e+02
7.079404365651623721e+02
6.768804398763344352e+02
7.018104331872663124e+02
6.531604084980273228e+02
6.548704308085103776e+02
6.548704311188049587e+02
6.548704314288787600e+02
6.700004367387437014e+02
6.621604100484080391e+02
6.302704573578116651e+02
6.403904526669896313e+02
6.187104599759853727e+02
6.187104602847452952e+02
6.187104605932879622e+02
6.112904169016310334e+02
6.356204342097042854e+02
6.679304325176179873e+02
6.617504398252891633e+02
6.617504401327518053e+02
6.617504404399998066e+02
6.617504407470336218e+02
6.910504290538319765e+02
6.916204363604840637e+02
6.709704126668844992e+02
6.838004299730740740e+02
6.770204622790519124e+02
6.770204625848100477e+02
6.770204628903570665e+02
7.019804231956675267e+02
7.623204505007420266e+02
7.322304238056436816e+02
7.388504201104215099e+02
7.397804734149191290e+02
7.397804737192086577e+02
7.397804740232902532e+02
7.146304503271247768e+02
7.189904356308052229e+02
7.441204409342798272e+02
7.196904482375188081e+02
7.294004705405905042e+02
7.294004708434325721e+02
7.294004711460694352e+02
7.382004594484927793e+02
7.047404377507260733e+02
6.944004720527739210e+02
6.770004483545727680e+02
7.094404506561506878e+02
7.094404509575657585e+02
7.094404512587784666e+02
6.849004735598349498e+02
6.736004258606354824e+02
6.709404521612702865e+02
6.635404284616583936e+02
6.723704457618806600e+02
6.723704460618885150e+02
6.723704463616970770e+02
6.290404296612798589e+02
6.172004639606402634e+02
5.898904672598952175e+02
5.716904545588755582e+02
5.897404428577289082e+02
5.897404431563493290e+02
5.897404434547729579e+02
5.768304707530036239e+02
5.778704490510203868e+02
5.634604763488470098e+02
5.867804836465173821e+02
5.808804599439795311e+02
5.808804602412312761e+02
5.808804605382892987e+02
6.064404578351252439e+02
6.046904581318183318e+02
6.191304614282944385e+02
6.308504327245876766e+02
6.252204280206937028e+02
6.252204283165956440e+02
6.252204286123062502e+02
6.252204289078260899e+02
6.239004822031707818e+02
6.051204534982922496e+02
5.728404857932184768e+02
5.990504470879982364e+02
5.990504473825687910e+02
5.990504476769503981e+02
6.051304649711485126e+02
6.035904872651420874e+02
5.987804895589912348e+02
6.101204558525969333e+02
6.098904761460659074e+02
6.098904764393224696e+02
6.098904767323928127e+02
6.176904640252632817e+02
5.993604473179709657e+02
6.048704576104702255e+02
6.166004389027971229e+02
6.233104611949353284e+02
6.233104614868955196e+02
6.233104617786719928e+02
6.208304810702642271e+02
6.237104863616929151e+02
6.565704716528802010e+02
6.798204719438753045e+02
6.718704602347829677e+02
6.718704605254639546e+02
6.718704608159633835e+02
6.887204371063181725e+02
6.807604763964700396e+02
6.797004786864223433e+02
6.779204499762006435e+02
6.789004912657701425e+02
6.789004915551882959e+02
6.789004918444276200e+02
6.789004921334881146e+02
6.595804854223827078e+02
6.446504927111018333e+02
6.528104669996148459e+02
6.569504812879791871e+02
6.569504815761511054e+02
6.569504818641462407e+02
6.857004821519391271e+02
6.685404484395984355e+02
6.533804757270629580e+02
6.506004470143592471e+02
6.442204423014882195e+02
6.442204425884298189e+02
6.442204428751967953e+02
6.462204431617731188e+02
6.605004724482117808e+02
6.552904507344624108e+02
6.492604830205306143e+02
6.433804783064316553e+02
6.433804785921583971e+02
6.433804788777130170e+02
6.576204691630597381e+02
6.447805034482454403e+02
6.469804547333411620e+02
6.773504510181616070e+02
6.872004873028618022e+02
6.872004875873891478e+02
6.872004878717463043e+02
7.096704591559206392e+02
7.097404664399783769e+02
7.109204597238425549e+02
7.146304820075358748e+02
6.991004532910378657e+02
6.991004535743805945e+02
6.991004538575555216e+02
7.137604881405657125e+02
7.099904684234096521e+02
7.078204857060943596e+02
7.222504789885746277e+02
7.171704622709164596e+02
7.171704625530894646e+02
7.171704628350964867e+02
6.861704631169179720e+02
6.657105023985905063e+02
6.889904706801128214e+02
6.734704519614792844e+02
6.802604912426591000e+02
6.802604915236768193e+02
6.802604918045303748e+02
7.063004700852025053e+02
7.084904723657532486e+02
7.112004946461182726e+02
7.011604559263173542e+02
7.119204662063536944e+02
7.119204664862297705e+02
7.119204667659441839e+02
7.309104570454809391e+02
7.357204553248645880e+02
7.340905116041204792e+02
7.323904998831912962e+02
7.335704921620921368e+02
7.335704924408406669e+02
7.335704927194293532e+02
7.335704929978584232e+02
7.529204692761119304e+02
7.538704815542264441e+02
7.548604718321938662e+02
7.362705071099831002e+02
7.362705073876177266e+02
7.362705076650942146e+02
7.430004879423870534e+02
7.444904782195631014e+02
7.558305054965776435e+02
7.569904787734293450e+02
7.594904790500719400e+02
7.594904793266057368e+02
7.594904796029834415e+02
7.301704728792166179e+02
7.393804951553106548e+02
7.519404924312256071e+02
7.536405057069914619e+02
7.743905059825607395e+02
7.743905062580067806e+02
7.743905065332984350e+02
7.913604768084137504e+02
7.775604900834063073e+02
7.813104903582512861e+02
7.754804726329382447e+02
7.752204639074649322e+02
7.752204641818358368e+02
7.752204644560542874e+02
7.815305227300756314e+02
7.805905210040299380e+02
7.827504942778048189e+02
7.936104795514002035e+02
7.854904848248678491e+02
7.854904850981762365e+02
7.854904853713338753e+02
7.919404976443494206e+02
8.057204669171799196e+02
8.110805131899130629e+02
8.183205034624762675e+02
8.430305257348613850e+02
8.430305260071194198e+02
8.430305262792284111e+02
8.701104825511711169e+02
8.642705178230053207e+02
8.658004860946797407e+02
8.940004983661368669e+02
9.096804916375328958e+02
9.096804919087526287e+02
9.096804921798250234e+02
1.024860484450617378e+03
1.018430492721397059e+03
1.037860484992108468e+03
1.077040539262631683e+03
1.114000500532961723e+03
1.114000500803155091e+03
1.114000501073202713e+03
1.208590467343017508e+03
1.172000501612818653e+03
1.213860486882457735e+03
1.229910536151955512e+03
1.222090468421290780e+03
1.222090468690468924e+03
1.222090468959503369e+03
1.162940444228354181e+03
1.023500503497015075e+03
1.067950454765672930e+03
1.063510514034201151e+03
1.033420548302507768e+03
1.033420548570682513e+03
1.033420548838714467e+03
1.013390520106573831e+03
1.054730485374349882e+03
1.089010515641939264e+03
1.096380510909439408e+03
1.137060565176760065e+03
1.137060565443942323e+03
1.137060565710983610e+03
1.156870501977846516e+03
1.109030536244596306e+03
1.116000507511261731e+03
1.116000507777741859e+03
1.081920552044118267e+03
1.081920552310318726e+03
1.081920552576380260e+03
1.136990498842276793e+03
1.144760519108034259e+03
1.095000509373693376e+03
1.084600485639194403e+03
1.014970480904540864e+03
1.014970481169770778e+03
1.014970481434862904e+03
1.009010520699829044e+03
1.051750510964674504e+03
1.068960472229370680e+03
1.003800499493893994e+03
1.017030540758299935e+03
1.017030541022569651e+03
1.017030541286702942e+03
9.664104855506791409e+02
9.585105228145489491e+02
9.759905030782698532e+02
9.269204963418516172e+02
9.325705206052869016e+02
9.325705208686066499e+02
9.325705211317916792e+02
8.999405163948906647e+02
9.385305436577898490e+02
1.008870509920546851e+03
1.067000515183195603e+03
1.067000515445709425e+03
1.067000515708089551e+03
1.067000515970335982e+03
1.093940457232473818e+03
1.088470487494466170e+03
1.086190457756318210e+03
1.070340483018043415e+03
1.056780546279633199e+03
1.056780546541083368e+03
1.056780546802401886e+03
1.199780547063518270e+03
1.149590484324577119e+03
1.088120513585522986e+03
1.064700469846304031e+03
1.026960480106972000e+03
1.026960480367502214e+03
1.026960480627902143e+03
1.058120514888163143e+03
1.064400544148331164e+03
1.106220491408320413e+03
1.031560579668184801e+03
1.049610505927961185e+03
1.049610506187581450e+03
1.049610506447072567e+03
1.049610506706434080e+03
1.030510531965674090e+03
9.956505462247688456e+02
9.962705424837502051e+02
9.439005467425607776e+02
9.439005470012803016e+02
9.439005472598717006e+02
9.300005235182817387e+02
9.184005477766903596e+02
9.374104970348789720e+02
8.291005002929134662e+02
8.463505005508817476e+02
8.463505008087096257e+02
8.463505010664110841e+02
9.367204963240197912e+02
9.312505255815033252e+02
9.056604988388330639e+02
8.911405410960163636e+02
9.233205333530933103e+02
9.233205336100388649e+02
9.233205338668591367e+02
9.073405541235683813e+02
9.220005273801499470e+02
9.320005276365936879e+02
9.045505158928991705e+02
8.600005281490805373e+02
8.600005284051528633e+02
8.600005286611010433e+02
8.757605389169386854e+02
9.224305221726510808e+02
9.233905444282348753e+02
8.763505056836844460e+02
8.569805099390002852e+02
8.569805101942080228e+02
8.569805104492929786e+02
8.569805107042553800e+02
8.215305599590789143e+02
7.640405092137832526e+02
8.007705514683342471e+02
8.098705267228738194e+02
8.098705269772259498e+02
8.098705272314563217e+02
8.704305254855399880e+02
8.643705277395548592e+02
8.798905479934215919e+02
8.392905112471822804e+02
8.382905115008014718e+02
8.382905117543061806e+02
8.382905120076906087e+02
8.045805512609487096e+02
8.244005585140841958e+02
8.589705057671320674e+02
8.383005230200373035e+02
7.953505112728136055e+02
7.953505115254794191e+02
7.953505117780262026e+02
7.663705310304492286e+02
8.018905512827628854e+02
8.402305165349341678e+02
8.716005127870254228e+02
9.053905520389416779e+02
9.053905522907770091e+02
9.053905525424944472e+02
9.211605107941142023e+02
9.939805180455696245e+02
9.991105232969177905e+02
1.013920521548222609e+03
