5.591118801472818944e+01
5.660093230275685983e+01
5.713019170976559735e+01
5.757637802945638583e+01
5.796947606838611478e+01
5.832486386086167585e+01
5.865167666463877794e+01
5.895586660551372660e+01
5.924156804418457511e+01
5.951179118351041808e+01
5.976880848349979658e+01
6.001438541953119454e+01
6.024992598149313494e+01
6.047656851898995001e+01
6.069525119531316903e+01
6.090675805891277150e+01
6.111175231744816472e+01
6.131080090827058626e+01
6.150439299599319298e+01
6.169295413677222939e+01
6.187685728897656645e+01
6.205643148818172250e+01
6.223196876493903318e+01
6.240372972172335153e+01
6.257194807364096079e+01
6.273683437893890869e+01
6.289857912929678463e+01
6.305735532927755571e+01
6.321332066450604259e+01
6.336661933598990970e+01
6.351738362134402394e+01
6.366573521102745303e+01
6.381178635799568610e+01
6.395564087165682565e+01
6.409739498115280298e+01
6.423713808836915007e+01
6.437495342741539162e+01
6.451091864439457879e+01
6.464510630893056486e+01
6.477758436702083600e+01
6.490841654323725152e+01
6.503766269903138664e+01
6.516537915286166083e+01
6.529161896699959300e+01
6.541643220515834400e+01
6.553986616449182634e+01
6.566196558501320624e+01
6.578277283906237471e+01
6.590232810309734646e+01
6.602066951378431270e+01
6.613783331010560573e+01
6.625385396298625551e+01
6.636876429375388398e+01
6.648259558258503432e+01
6.659537766795402547e+01
6.670713903797989985e+01
6.681790691446391861e+01
6.692770733032008934e+01
6.703656520102271088e+01
6.714450439062633791e+01
6.725154777285385421e+01
6.735771728769563538e+01
6.746303399391634059e+01
6.756751811782554284e+01
6.767118909863174281e+01
6.777406563066816148e+01
6.787616570274973071e+01
6.797750663489632927e+01
6.807810511263410547e+01
6.817797721906767094e+01
6.827713846489749017e+01
6.837560381654117236e+01
6.847338772250301986e+01
6.857050413812341105e+01
6.866696654882798612e+01
6.876278799198638580e+01
6.885798107748084362e+01
6.895255800707633398e+01
6.904653059267677406e+01
6.913991027354445862e+01
6.923270813255372502e+01
6.932493491154448861e+01
6.941660102583551861e+01
6.950771657795314695e+01
6.959829137062676807e+01
6.968833491909812494e+01
6.977785646278839238e+01
6.986686497636344484e+01
6.995536918023482542e+01
7.004337755053124681e+01
7.013089832857284023e+01
7.021793952987806620e+01
7.030450895273139622e+01
7.039061418633731648e+01
7.047626261858509622e+01
7.056146144344670290e+01
7.064621766802872571e+01
7.073053811929804624e+01
7.081442945049938942e+01
7.089789814728192141e+01
7.098095053355079642e+01
7.106359277705860222e+01
7.114583089475073052e+01
7.122767075787781721e+01
7.130911809688731751e+01
7.139017850610616733e+01
7.147085744822484799e+01
7.155116025859356910e+01
7.163109214933959379e+01
7.171065821331512780e+01
7.178986342788398645e+01
7.186871265855511126e+01
7.194721066247043950e+01
7.202536209175407578e+01
7.210317149672967219e+01
7.218064332901209923e+01
7.225778194447940450e+01
7.233459160613080030e+01
7.241107648683585296e+01
7.248724067197980503e+01
7.256308816201011780e+01
7.263862287488825586e+01
7.271384864845144591e+01
7.278876924268806192e+01
7.286338834193057323e+01
7.293770955696984970e+01
7.301173642709395040e+01
7.308547242205490591e+01
7.315892094396642165e+01
7.323208532913555757e+01
7.330496884983111272e+01
7.337757471599135783e+01
7.344990607687365980e+01
7.352196602264839953e+01
7.359375758593951389e+01
7.366528374331365114e+01
7.373654741672028479e+01
7.380755147488449097e+01
7.387829873465452124e+01
7.394879196230562002e+01
7.401903387480226115e+01
7.408902714101996878e+01
7.415877438292858415e+01
7.422827817673829998e+01
7.429754105401005404e+01
7.436656550273136190e+01
7.443535396835916629e+01
7.450390885483076886e+01
7.457223252554409498e+01
7.464032730430838569e+01
7.470819547626638268e+01
7.477583928878917163e+01
7.484326095234449383e+01
7.491046264133956356e+01
7.497744649493937175e+01
7.504421461786111536e+01
7.511076908114596051e+01
7.517711192290852296e+01
7.524324514906517436e+01
7.530917073404167184e+01
7.537489062146094909e+01
7.544040672481176557e+01
7.550572092809875357e+01
7.557083508647450287e+01
7.563575102685443596e+01
7.570047054851488610e+01
7.576499542367496076e+01
7.582932739806275890e+01
7.589346819146649636e+01
7.595741949827092299e+01
7.602118298797958573e+01
7.608476030572332149e+01
7.614815307275556222e+01
7.621136288693467975e+01
7.627439132319389614e+01
7.633723993399917163e+01
7.639991024979539702e+01
7.646240377944111799e+01
7.652472201063255852e+01
7.658686641031668785e+01
7.664883842509422607e+01
7.671063948161253165e+01
7.677227098694875451e+01
7.683373432898365252e+01
7.689503087676624205e+01
7.695616198086963777e+01
7.701712897373819544e+01
7.707793317002642652e+01
7.713857586692971324e+01
7.719905834450723603e+01
7.725938186599721291e+01
7.731954767812476348e+01
7.737955701140251108e+01
7.743941108042420751e+01
7.749911108415160754e+01
7.755865820619469275e+01
7.761805361508537260e+01
7.767729846454516007e+01
7.773639389374655195e+01
7.779534102756863945e+01
7.785414097684690660e+01
7.791279483861751487e+01
7.797130369635608815e+01
7.802966862021119709e+01
7.808789066723277017e+01
7.814597088159544569e+01
7.820391029481710632e+01
7.826170992597252507e+01
7.831937078190262014e+01
7.837689385741896331e+01
7.843428013550418143e+01
7.849153058750776779e+01
7.854864617333805654e+01
7.860562784164993388e+01
7.866247653002869811e+01
7.871919316517005427e+01
7.877577866305635723e+01
7.883223392912920247e+01
7.888855985845852103e+01
7.894475733590803657e+01
7.900082723629762427e+01
7.905677042456198933e+01
7.911258775590654579e+01
7.916828007595978534e+01
7.922384822092288914e+01
7.927929301771605708e+01
7.933461528412226471e+01
7.938981582892782285e+01
7.944489545206046444e+01
7.949985494472448977e+01
7.955469508953348168e+01
7.960941666064017852e+01
7.966402042386415872e+01
7.971850713681672573e+01
7.977287754902364725e+01
7.982713240204543581e+01
7.988127242959529895e+01
7.993529835765500025e+01
7.998921090458834726e+01
8.004301078125268987e+01
8.009669869110825857e+01
8.015027533032548490e+01
8.020374138789036067e+01
8.025709754570772247e+01
8.031034447870280246e+01
8.036348285492080379e+01
8.041651333562469972e+01
8.046943657539125638e+01
8.052225322220525072e+01
8.057496391755208265e+01
8.062756929650865345e+01
8.068006998783268102e+01
8.073246661405028135e+01
8.078475979154222841e+01
8.083695013062840928e+01
8.088903823565107132e+01
8.094102470505636404e+01
8.099291013147460205e+01
8.104469510179906422e+01
8.109638019726348546e+01
8.114796599351814166e+01
8.119945306070465563e+01
8.125084196352949562e+01
8.130213326133630858e+01
8.135332750817686076e+01
8.140442525288095510e+01
8.145542703912497018e+01
8.150633340549946126e+01
8.155714488557546815e+01
8.160786200796971457e+01
8.165848529640889808e+01
8.170901526979265839e+01
8.175945244225570718e+01
8.180979732322883535e+01
8.186005041749898226e+01
8.191021222526819656e+01
8.196028324221185812e+01
8.201026395953569192e+01
8.206015486403208570e+01
8.210995643813534173e+01
8.215966915997614706e+01
8.220929350343510578e+01
8.225882993819547551e+01
8.230827892979499438e+01
8.235764093967689803e+01
8.240691642524026861e+01
8.245610583988934650e+01
8.250520963308235878e+01
8.255422825037926771e+01
8.260316213348906444e+01
8.265201172031612487e+01
8.270077744500605377e+01
8.274945973799052013e+01
8.279805902603173706e+01
8.284657573226601812e+01
8.289501027624682195e+01
8.294336307398704378e+01
8.299163453800071011e+01
8.303982507734406227e+01
8.308793509765595786e+01
8.313596500119771804e+01
8.318391518689242048e+01
8.323178605036348188e+01
8.327957798397278566e+01
8.332729137685817022e+01
8.337492661497047663e+01
8.342248408110984315e+01
8.346996415496170130e+01
8.351736721313208989e+01
8.356469362918255683e+01
8.361194377366439312e+01
8.365911801415268201e+01
8.370621671527941032e+01
8.375324023876656554e+01
8.380018894345842284e+01
8.384706318535356218e+01
8.389386331763630267e+01
8.394058969070778176e+01
8.398724265221659380e+01
8.403382254708890287e+01
8.408032971755825713e+01
8.412676450319489163e+01
8.417312724093461895e+01
8.421941826510746409e+01
8.426563790746565985e+01
8.431178649721150009e+01
8.435786436102461039e+01
8.440387182308899128e+01
8.444980920511957834e+01
8.449567682638851807e+01
8.454147500375103164e+01
8.458720405167102285e+01
8.463286428224616031e+01
8.467845600523281746e+01
8.472397952807054367e+01
8.476943515590627953e+01
8.481482319161818850e+01
8.486014393583921844e+01
8.490539768698036482e+01
8.495058474125352177e+01
8.499570539269419100e+01
8.504075993318375026e+01
8.508574865247145169e+01
8.513067183819624972e+01
8.517552977590818841e+01
8.522032274908960403e+01
8.526505103917602924e+01
8.530971492557679881e+01
8.535431468569542801e+01
8.539885059494974939e+01
8.544332292679166585e+01
8.548773195272688952e+01
8.553207794233406958e+01
8.557636116328409059e+01
8.562058188135878822e+01
8.566474036046963647e+01
8.570883686267607970e+01
8.575287164820366570e+01
8.579684497546202238e+01
8.584075710106250767e+01
8.588460827983564627e+01
8.592839876484849526e+01
8.597212880742155505e+01
8.601579865714566608e+01
8.605940856189863553e+01
8.610295876786162239e+01
8.614644951953535212e+01
8.618988105975614644e+01
8.623325362971175423e+01
8.627656746895692663e+01
8.631982281542896374e+01
8.636301990546280649e+01
8.640615897380621391e+01
8.644924025363462761e+01
8.649226397656585164e+01
8.653523037267461859e+01
8.657813967050691417e+01
8.662099209709413117e+01
8.666378787796716665e+01
8.670652723717019228e+01
8.674921039727439620e+01
8.679183757939144073e+01
8.683440900318689160e+01
8.687692488689339143e+01
8.691938544732374794e+01
8.696179089988375210e+01
8.700414145858498216e+01
8.704643733605745126e+01
8.708867874356195671e+01
8.713086589100248602e+01
8.717299898693831040e+01
8.721507823859607811e+01
8.725710385188168061e+01
8.729907603139199068e+01
8.734099498042648690e+01
8.738286090099876446e+01
8.742467399384790383e+01
8.746643445844964049e+01
8.750814249302750625e+01
8.754979829456384266e+01
8.759140205881058705e+01
8.763295398030001593e+01
8.767445425235544576e+01
8.771590306710157847e+01
8.775730061547503169e+01
8.779864708723442845e+01
8.783994267097074271e+01
8.788118755411719007e+01
8.792238192295920385e+01
8.796352596264422630e+01
8.800461985719147151e+01
8.804566378950147509e+01
8.808665794136560123e+01
8.812760249347547870e+01
8.816849762543219526e+01
8.820934351575562005e+01
8.825014034189341317e+01
8.829088828023000701e+01
8.833158750609553067e+01
8.837223819377464906e+01
8.841284051651518894e+01
8.845339464653686434e+01
8.849390075503964681e+01
8.853435901221232029e+01
8.857476958724082294e+01
8.861513264831640413e+01
8.865544836264388096e+01
8.869571689644971002e+01
8.873593841498991708e+01
8.877611308255808353e+01
8.881624106249313400e+01
8.885632251718715224e+01
8.889635760809291298e+01
8.893634649573158413e+01
8.897628933970023013e+01
8.901618629867920163e+01
8.905603753043946824e+01
8.909584319184997980e+01
8.913560343888480020e+01
8.917531842663025543e+01
8.921498830929203905e+01
8.925461324020210441e+01
8.929419337182565641e+01
8.933372885576795852e+01
8.937321984278116815e+01
8.941266648277090212e+01
8.945206892480305783e+01
8.949142731711023657e+01
8.953074180709833740e+01
8.957001254135295198e+01
8.960923966564575949e+01
8.964842332494087884e+01
8.968756366340102204e+01
8.972666082439374691e+01
8.976571495049759619e+01
8.980472618350816560e+01
8.984369466444400132e+01
8.988262053355273906e+01
8.992150393031678846e+01
8.996034499345935842e+01
8.999914386095005625e+01
9.003790067001071407e+01
9.007661555712104473e+01
9.011528865802418409e+01
9.015392010773231846e+01
9.019251004053214160e+01
9.023105858999028328e+01
9.026956588895879463e+01
9.030803206958034934e+01
9.034645726329364379e+01
9.038484160083862662e+01
9.042318521226161465e+01
9.046148822692052249e+01
9.049975077348989316e+01
9.053797297996598559e+01
9.057615497367170576e+01
9.061429688126165161e+01
9.065239882872691624e+01
9.069046094140000491e+01
9.072848334395962411e+01
9.076646616043544213e+01
9.080440951421283557e+01
9.084231352803752202e+01
9.088017832402022123e+01
9.091800402364125944e+01
9.095579074775508843e+01
9.099353861659476195e+01
9.103124774977649736e+01
9.106891826630402420e+01
9.110655028457290427e+01
9.114414392237506490e+01
9.118169929690290587e+01
9.121921652475363373e+01
9.125669572193352508e+01
9.129413700386206187e+01
9.133154048537610947e+01
9.136890628073396670e+01
9.140623450361952962e+01
9.144352526714624219e+01
9.148077868386113209e+01
9.151799486574880405e+01
9.155517392423530509e+01
9.159231597019206106e+01
9.162942111393968503e+01
9.166648946525189956e+01
9.170352113335921729e+01
9.174051622695273522e+01
9.177747485418790063e+01
9.181439712268810638e+01
9.185128313954844259e+01
9.188813301133926359e+01
9.192494684410981165e+01
9.196172474339172709e+01
9.199846681420267203e+01
9.203517316104969836e+01
9.207184388793284313e+01
9.210847909834848224e+01
9.214507889529278373e+01
9.218164338126506152e+01
9.221817265827112919e+01
9.225466682782661110e+01
9.229112599096026770e+01
9.232755024821723566e+01
9.236393969966223949e+01
9.240029444488284582e+01
9.243661458299261824e+01
9.247290021263424364e+01
9.250915143198272972e+01
9.254536833874841761e+01
9.258155103018012255e+01
9.261769960306816074e+01
9.265381415374733365e+01
9.268989477809995492e+01
9.272594157155887729e+01
9.276195462911029210e+01
9.279793404529681311e+01
9.283387991422024754e+01
9.286979232954453778e+01
9.290567138449856088e+01
9.294151717187902761e+01
9.297732978405318249e+01
9.301310931296163176e+01
9.304885585012115712e+01
9.308456948662730213e+01
9.312025031315722856e+01
9.315589841997228859e+01
9.319151389692081011e+01
9.322709683344055520e+01
9.326264731856157653e+01
9.329816544090860475e+01
9.333365128870374861e+01
9.336910494976899599e+01
9.340452651152878616e+01
9.343991606101252501e+01
9.347527368485702937e+01
9.351059946930902811e+01
9.354589350022767746e+01
9.358115586308687739e+01
9.361638664297781531e+01
9.365158592461123988e+01
9.368675379231991940e+01
9.372189033006098668e+01
9.375699562141824117e+01
9.379206974960452214e+01
9.382711279746393984e+01
9.386212484747423446e+01
9.389710598174900724e+01
9.393205628203993740e+01
9.396697582973905583e+01
9.400186470588093357e+01
9.403672299114489874e+01
9.407155076585715392e+01
9.410634810999304989e+01
9.414111510317908937e+01
9.417585182469517235e+01
9.421055835347661400e+01
9.424523476811627631e+01
9.427988114686667132e+01
9.431449756764197900e+01
9.434908410802012213e+01
9.438364084524474151e+01
9.441816785622729924e+01
9.445266521754898292e+01
9.448713300546273786e+01
9.452157129589522810e+01
9.455598016444878340e+01
9.459035968640333181e+01
9.462470993671834663e+01
9.465903099003466536e+01
9.469332292067653611e+01
9.472758580265335127e+01
9.476181970966155177e+01
9.479602471508654560e+01
9.483020089200445568e+01
9.486434831318398153e+01
9.489846705108820402e+01
9.493255717787636172e+01
9.496661876540562730e+01
9.500065188523296911e+01
9.503465660861675701e+01
9.506863300651858140e+01
9.510258114960498688e+01
9.513650110824920603e+01
9.517039295253275100e+01
9.520425675224724671e+01
9.523809257689603669e+01
9.527190049569580310e+01
9.530568057757832889e+01
9.533943289119204678e+01
9.537315750490370192e+01
9.540685448679994352e+01
9.544052390468897329e+01
9.547416582610212288e+01
9.550778031829537440e+01
9.554136744825100891e+01
9.557492728267914117e+01
9.560845988801924022e+01
9.564196533044167836e+01
9.567544367584926590e+01
9.570889498987874333e+01
9.574231933790230187e+01
9.577571678502907560e+01
9.580908739610657676e+01
9.584243123572224476e+01
9.587574836820479618e+01
9.590903885762583059e+01
9.594230276780105271e+01
9.597554016229192086e+01
9.600875110440691174e+01
9.604193565720299830e+01
9.607509388348702828e+01
9.610822584581705996e+01
9.614133160650385435e+01
9.617441122761215411e+01
9.620746477096204785e+01
9.624049229813036277e+01
9.627349387045191520e+01
9.630646954902098855e+01
9.633941939469248439e+01
9.637234346808332930e+01
9.640524182957378230e+01
9.643811453930868538e+01
9.647096165719875671e+01
9.650378324292188381e+01
9.653657935592437411e+01
9.656935005542216288e+01
9.660209540040219167e+01
9.663481544962354519e+01
9.666751026161861660e+01
9.670017989469454278e+01
9.673282440693418494e+01
9.676544385619749278e+01
9.679803830012264143e+01
9.683060779612718250e+01
9.686315240140932303e+01
9.689567217294899137e+01
9.692816716750908768e+01
9.696063744163654974e+01
9.699308305166363198e+01
9.702550405370888598e+01
9.705790050367839683e+01
9.709027245726693423e+01
9.712261996995894719e+01
9.715494309702978626e+01
9.718724189354676923e+01
9.721951641437023284e+01
9.725176671415471219e+01
9.728399284734992136e+01
9.731619486820190446e+01
9.734837283075404457e+01
9.738052678884815805e+01
9.741265679612551764e+01
9.744476290602793256e+01
9.747684517179877162e+01
9.750890364648392961e+01
9.754093838293299257e+01
9.757294943380009045e+01
9.760493685154504817e+01
9.763690068843428094e+01
9.766884099654186002e+01
9.770075782775045070e+01
9.773265123375236385e+01
9.776452126605045123e+01
9.779636797595917130e+01
9.782819141460542767e+01
9.785999163292964909e+01
9.789176868168664214e+01
9.792352261144665704e+01
9.795525347259618343e+01
9.798696131533895937e+01
9.801864618969693765e+01
9.805030814551113849e+01
9.808194723244254476e+01
9.811356349997311099e+01
9.814515699740655919e+01
9.817672777386935934e+01
9.820827587831155370e+01
9.823980135950772308e+01
9.827130426605774005e+01
9.830278464638779212e+01
9.833424254875113490e+01
9.836567802122900162e+01
9.839709111173149836e+01
9.842848186799835730e+01
9.845985033759987459e+01
9.849119656793769195e+01
9.852252060624570618e+01
9.855382249959077967e+01
9.858510229487370680e+01
9.861636003882991020e+01
9.864759577803033608e+01
9.867880955888225003e+01
9.871000142762997598e+01
9.874117143035579147e+01
9.877231961298068086e+01
9.880344602126510267e+01
9.883455070080978544e+01
9.886563369705653770e+01
9.889669505528898696e+01
9.892773482063336132e+01
9.895875303805925682e+01
9.898974975238040486e+01
9.902072500825538270e+01
9.905167885018846619e+01
9.908261132253022652e+01
9.911352246947842559e+01
9.914441233507865547e+01
9.917528096322507736e+01
9.920612839766118896e+01
9.923695468198053504e+01
9.926775985962737536e+01
9.929854397389750886e+01
9.932930706793887055e+01
9.936004918475228465e+01
9.939077036719220359e+01
9.942147065796729066e+01
9.945215009964127262e+01
9.948280873463349394e+01
9.951344660521965579e+01
9.954406375353249814e+01
9.957466022156245344e+01
9.960523605115837142e+01
9.963579128402811591e+01
9.966632596173926117e+01
9.969684012571980247e+01
9.972733381725865343e+01
9.975780707750652709e+01
9.978825994747640493e+01
9.981869246804420470e+01
9.984910467994953365e+01
9.987949662379617166e+01
9.990986834005285289e+01
9.994021986905374888e+01
9.997055125099917916e+01
1.000008625259562507e+02
1.000311537338594263e+02
1.000614249145111216e+02
1.000916761075824155e+02
1.001219073526135048e+02
1.001521186890144577e+02
1.001823101560657392e+02
1.002124817929187657e+02
1.002426336385965868e+02
1.002727657319944399e+02
1.003028781118802897e+02
1.003329708168954966e+02
1.003630438855553280e+02
1.003930973562495268e+02
1.004231312672429510e+02
1.004531456566760994e+02
1.004831405625656231e+02
1.005131160228050078e+02
1.005430720751650426e+02
1.005730087572943745e+02
1.006029261067201332e+02
1.006328241608484007e+02
1.006627029569647931e+02
1.006925625322350015e+02
1.007224029237053315e+02
1.007522241683032291e+02
1.007820263028378065e+02
1.008118093640004389e+02
1.008415733883651768e+02
1.008713184123893711e+02
1.009010444724141564e+02
1.009307516046649198e+02
1.009604398452519263e+02
1.009901092301707592e+02
1.010197597953027753e+02
1.010493915764157578e+02
1.010790046091642864e+02
1.011085989290903342e+02
1.011381745716236367e+02
1.011677315720823316e+02
1.011972699656733994e+02
1.012267897874931037e+02
1.012562910725275316e+02
1.012857738556530620e+02
1.013152381716368353e+02
1.013446840551372645e+02
1.013741115407044617e+02
1.014035206627807781e+02
1.014329114557011735e+02
1.014622839536937988e+02
1.014916381908804084e+02
1.015209742012767578e+02
1.015502920187932006e+02
1.015795916772350438e+02
1.016088732103030168e+02
1.016381366515937543e+02
1.016673820346002231e+02
1.016966093927121761e+02
1.017258187592166223e+02
1.017550101672981953e+02
1.017841836500396795e+02
1.018133392404223940e+02
1.018424769713266471e+02
1.018715968755321626e+02
1.019006989857185062e+02
1.019297833344655402e+02
1.019588499542538074e+02
1.019878988774649855e+02
1.020169301363822854e+02
1.020459437631909054e+02
1.020749397899784014e+02
1.021039182487351411e+02
1.021328791713546877e+02
1.021618225896342125e+02
1.021907485352749205e+02
1.022196570398824633e+02
1.022485481349672654e+02
1.022774218519450500e+02
1.023062782221371378e+02
1.023351172767708874e+02
1.023639390469800503e+02
1.023927435638052259e+02
1.024215308581941883e+02
1.024503009610023412e+02
1.024790539029930159e+02
1.025077897148379407e+02
1.025365084271175817e+02
1.025652100703214842e+02
1.025938946748487552e+02
1.026225622710083485e+02
1.026512128890194759e+02
1.026798465590119349e+02
1.027084633110265770e+02
1.027370631750155212e+02
1.027656461808427224e+02
1.027942123582841276e+02
1.028227617370281735e+02
1.028512943466760987e+02
1.028798102167423423e+02
1.029083093766547989e+02
1.029367918557553025e+02
1.029652576832998676e+02
1.029937068884591440e+02
1.030221395003186728e+02
1.030505555478792701e+02
1.030789550600574103e+02
1.031073380656854681e+02
1.031357045935122017e+02
1.031640546722029654e+02
1.031923883303401226e+02
1.032207055964233007e+02
1.032490064988698748e+02
1.032772910660151240e+02
1.033055593261127001e+02
1.033338113073348836e+02
1.033620470377729248e+02
1.033902665454373846e+02
1.034184698582584190e+02
1.034466570040861768e+02
1.034748280106910556e+02
1.035029829057640427e+02
1.035311217169170277e+02
1.035592444716831153e+02
1.035873511975169663e+02
1.036154419217950817e+02
1.036435166718160872e+02
1.036715754748011307e+02
1.036996183578941242e+02
1.037276453481620422e+02
1.037556564725952342e+02
1.037836517581077942e+02
1.038116312315377741e+02
1.038395949196475385e+02
1.038675428491239927e+02
1.038954750465789800e+02
1.039233915385495379e+02
1.039512923514981537e+02
1.039791775118130772e+02
1.040070470458086618e+02
1.040349009797255775e+02
1.040627393397311380e+02
1.040905621519195847e+02
1.041183694423123995e+02
1.041461612368585321e+02
1.041739375614347125e+02
1.042016984418457639e+02
1.042294439038247873e+02
1.042571739730335736e+02
1.042848886750627457e+02
1.043125880354321140e+02
1.043402720795909886e+02
1.043679408329183218e+02
1.043955943207230916e+02
1.044232325682445151e+02
1.044508556006523747e+02
1.044784634430472181e+02
1.045060561204606699e+02
1.045336336578556455e+02
1.045611960801267060e+02
1.045887434121002002e+02
1.046162756785346630e+02
1.046437929041209145e+02
1.046712951134825005e+02
1.046987823311757779e+02
1.047262545816903128e+02
1.047537118894489936e+02
1.047811542788084012e+02
1.048085817740590500e+02
1.048359943994255445e+02
1.048633921790669490e+02
1.048907751370769290e+02
1.049181432974841073e+02
1.049454966842522197e+02
1.049728353212803711e+02
1.050001592324033197e+02
1.050274684413917470e+02
1.050547629719523570e+02
1.050820428477283031e+02
1.051093080922992868e+02
1.051365587291818429e+02
1.051637947818295942e+02
1.051910162736334513e+02
1.052182232279218965e+02
1.052454156679611401e+02
1.052725936169554473e+02
1.052997570980473085e+02
1.053269061343176531e+02
1.053540407487861046e+02
1.053811609644112934e+02
1.054082668040908572e+02
1.054353582906619664e+02
1.054624354469012815e+02
1.054894982955252942e+02
1.055165468591906119e+02
1.055435811604940426e+02
1.055706012219729075e+02
1.055976070661052546e+02
1.056245987153100145e+02
1.056515761919472567e+02
1.056785395183184733e+02
1.057054887166666788e+02
1.057324238091766944e+02
1.057593448179753040e+02
1.057862517651315386e+02
1.058131446726568754e+02
1.058400235625053654e+02
1.058668884565739603e+02
1.058937393767025981e+02
1.059205763446745578e+02
1.059473993822165028e+02
1.059742085109988352e+02
1.060010037526357678e+02
1.060277851286856077e+02
1.060545526606509839e+02
1.060813063699789609e+02
1.061080462780613090e+02
1.061347724062346600e+02
1.061614847757807354e+02
1.061881834079265161e+02
1.062148683238444846e+02
1.062415395446527953e+02
1.062681970914154306e+02
1.062948409851424856e+02
1.063214712467902388e+02
1.063480878972614789e+02
1.063746909574055906e+02
1.064012804480187953e+02
1.064278563898443366e+02
1.064544188035726506e+02
1.064809677098415932e+02
1.065075031292365679e+02
1.065340250822907393e+02
1.065605335894852601e+02
1.065870286712494135e+02
1.066135103479607409e+02
1.066399786399453831e+02
1.066664335674780943e+02
1.066928751507825126e+02
1.067193034100313298e+02
1.067457183653464483e+02
1.067721200367992225e+02
1.067985084444104871e+02
1.068248836081509694e+02
1.068512455479412182e+02
1.068775942836519448e+02
1.069039298351041509e+02
1.069302522220692993e+02
1.069565614642694413e+02
1.069828575813775018e+02
1.070091405930173210e+02
1.070354105187639107e+02
1.070616673781436248e+02
1.070879111906342871e+02
1.071141419756653477e+02
1.071403597526181244e+02
1.071665645408259024e+02
1.071927563595741191e+02
1.072189352281005625e+02
1.072451011655954858e+02
1.072712541912017912e+02
1.072973943240152153e+02
1.073235215830844425e+02
1.073496359874113182e+02
1.073757375559509910e+02
1.074018263076120974e+02
1.074279022612568042e+02
1.074539654357011784e+02
1.074800158497151159e+02
1.075060535220226683e+02
1.075320784713021567e+02
1.075580907161862427e+02
1.075840902752622412e+02
1.076100771670721201e+02
1.076360514101127279e+02
1.076620130228359926e+02
1.076879620236489643e+02
1.077138984309140710e+02
1.077398222629491897e+02
1.077657335380278596e+02
1.077916322743793955e+02
1.078175184901890304e+02
1.078433922035981141e+02
1.078692534327042267e+02
1.078951021955613214e+02
1.079209385101798517e+02
1.079467623945269565e+02
1.079725738665266590e+02
1.079983729440598665e+02
1.080241596449646551e+02
1.080499339870362689e+02
1.080756959880274621e+02
1.081014456656484413e+02
1.081271830375671357e+02
1.081529081214092969e+02
1.081786209347586123e+02
1.082043214951568899e+02
1.082300098201042005e+02
1.082556859270589911e+02
1.082813498334381848e+02
1.083070015566174220e+02
1.083326411139311176e+02
1.083582685226726170e+02
1.083838838000943099e+02
1.084094869634078577e+02
1.084350780297841794e+02
1.084606570163537356e+02
1.084862239402065427e+02
1.085117788183924290e+02
1.085373216679209776e+02
1.085628525057618958e+02
1.085883713488449871e+02
1.086138782140602927e+02
1.086393731182582769e+02
1.086648560782499402e+02
1.086903271108069333e+02
1.087157862326616851e+02
1.087412334605075586e+02
1.087666688109989366e+02
