5.585537960750658470e+01
5.623612317897015345e+01
5.689475142827151899e+01
5.715710769815021308e+01
5.753782317217309838e+01
5.802439220523008601e+01
5.871676315621522946e+01
5.888122455759057061e+01
5.922817916482068057e+01
5.957214238983404897e+01
6.002907280023850234e+01
6.008538294841696370e+01
6.053543550130154216e+01
6.078823180623091815e+01
6.062206868789895253e+01
6.076875480340964941e+01
6.091023760674826093e+01
6.128944349298978267e+01
6.143528677334135324e+01
6.176959330038553730e+01
6.183611048691637535e+01
6.187782272317502930e+01
6.170137592891080658e+01
6.213842298943243492e+01
6.230047833697500437e+01
6.251995726815403742e+01
6.258852041880050621e+01
6.295132201749034806e+01
6.314138815468263743e+01
6.282823607121476783e+01
6.267892927082881727e+01
6.276451585552639756e+01
6.325041410545672704e+01
6.386647515094266936e+01
6.397252792255605414e+01
6.375524286021591536e+01
6.383750520956115793e+01
6.387568758696620819e+01
6.416910110227563280e+01
6.454592267680797590e+01
6.494998167730419425e+01
6.487066175126719259e+01
6.492679413740538052e+01
6.487596744931830983e+01
6.516209962244658982e+01
6.529145962106426282e+01
6.536013704401636915e+01
6.598762554439674943e+01
6.611985186169459894e+01
6.650523898841700543e+01
6.652780948599389887e+01
6.652126746420827885e+01
6.662424439286088784e+01
6.746530677115724473e+01
6.775407693270250320e+01
6.785699899929359447e+01
6.764441184426620168e+01
6.723625780698368715e+01
6.760988265552181531e+01
6.761480418797920322e+01
6.786132135565611634e+01
6.831804169154209205e+01
6.833395029531031639e+01
6.839808688288418637e+01
6.859118576515216148e+01
6.855146494164698368e+01
6.883817674812107157e+01
6.895663845955844806e+01
6.895405754871694626e+01
6.954355517397974040e+01
6.909430356820504926e+01
6.891281091634604650e+01
6.941976032085536019e+01
6.940038444180018473e+01
6.947196276942437976e+01
7.000401311696180073e+01
6.983739668682034107e+01
7.002382988054426960e+01
7.005315940742721637e+01
7.026888773603063498e+01
7.007540267745132212e+01
7.057386511959307995e+01
7.081733775525144381e+01
7.062152233041632599e+01
7.090987663370754035e+01
7.110921859511664422e+01
7.126843063915752907e+01
7.090784864660183473e+01
7.118987639190285677e+01
7.133683972798348805e+01
7.150673386862646908e+01
7.135861806114255046e+01
7.113044025317843477e+01
7.131551893563928957e+01
7.108748684443938259e+01
7.123859313752876687e+01
7.201972520081018558e+01
7.147098866858317479e+01
7.186600639106420374e+01
7.203539588611283762e+01
7.225286714766042451e+01
7.280365358045958146e+01
7.300732457214411397e+01
7.321003682677259405e+01
7.349249744033501486e+01
7.325035754202554017e+01
7.340139671559715850e+01
7.353392345302927424e+01
7.356718983197664841e+01
7.391091771542893696e+01
7.433483414666136468e+01
7.417568012502403008e+01
7.427980988647206573e+01
7.392085037753727761e+01
7.471309020777887611e+01
7.438202543918200149e+01
7.399198529468036156e+01
7.429831625025501296e+01
7.503076677572336450e+01
7.471899182053360278e+01
7.470121994106877139e+01
7.486909806319981442e+01
7.518708232144199144e+01
7.533829704158662821e+01
7.560380840115104206e+01
7.584089160707847554e+01
7.590835629887504865e+01
7.546245201038854589e+01
7.563547117219096094e+01
7.541100480160631037e+01
7.537856428918563267e+01
7.549715077684000164e+01
7.583809381665022897e+01
7.549215475410436227e+01
7.527563696215635503e+01
7.557603729991129171e+01
7.592168683545726537e+01
7.643136098074248252e+01
7.638874821002015381e+01
7.656218918987833888e+01
7.670746106765922434e+01
7.645075404029780941e+01
7.623575927843917555e+01
7.661196368070204699e+01
7.653687187790886526e+01
7.726200940820642415e+01
7.772875272905969268e+01
7.751728549572936799e+01
7.735048825266288475e+01
7.739553895237771997e+01
7.746603753878039811e+01
7.744523941730793126e+01
7.806802314764682649e+01
7.828319242071756889e+01
7.801140000823625087e+01
7.755704332050657968e+01
7.787261779958062391e+01
7.772042802877486167e+01
7.837839444891780261e+01
7.865787320100326951e+01
7.885638329927807888e+01
7.893594622246560277e+01
7.823421858599998302e+01
7.819578717852503758e+01
7.813637571738196641e+01
7.836318811652418503e+01
7.830214320563693775e+01
7.860013321871093694e+01
7.892139181252656499e+01
7.870577759226802073e+01
7.842308002526603161e+01
7.787868509431652342e+01
7.811096349086713531e+01
7.868972494095508807e+01
7.946594853015605509e+01
7.910239676494023797e+01
7.889571655536205697e+01
7.895995489021888147e+01
7.914968203503109123e+01
7.909413878144533783e+01
7.896998386524862212e+01
7.889035037557815144e+01
7.894724571780467670e+01
7.911822045219146560e+01
7.937768806779591557e+01
7.961346749405454659e+01
7.974224528978332671e+01
8.013553656704296202e+01
8.014241779072597183e+01
7.996913419264073752e+01
7.954708450493724570e+01
8.000816444951448148e+01
8.028314412946976120e+01
8.056582134496429148e+01
8.071147020845968711e+01
8.112973686957431596e+01
8.068826132226340064e+01
8.052698029153711445e+01
8.071903254206716838e+01
8.107243333818993847e+01
8.096924353691730403e+01
8.119384646140551354e+01
8.083128945343021599e+01
8.100106119725077747e+01
8.096841277331694187e+01
8.070299500451284302e+01
8.121680017685739017e+01
8.138091476242172462e+01
8.122900758042740677e+01
8.138181754044974525e+01
8.123079833181149922e+01
8.132789435284925617e+01
8.113764972873259751e+01
8.138890019722241220e+01
8.121840345567777320e+01
8.152615374258901682e+01
8.194968566488529405e+01
8.160723917121032400e+01
8.168266688498331973e+01
8.210012504772204522e+01
8.187991603687152065e+01
8.181312316588457634e+01
8.263666303486432696e+01
8.286646387268173441e+01
8.283722207752920497e+01
8.285699751498196974e+01
8.243286743668548411e+01
8.240263007046110033e+01
8.272319939505302955e+01
8.322902066230821561e+01
8.382782950437074021e+01
8.368747254803685109e+01
8.327261459131186427e+01
8.366887654905185912e+01
8.318927489641221484e+01
8.398016172947889402e+01
8.467236040729346769e+01
8.458283689934171434e+01
8.471860330300488329e+01
8.399222683057654137e+01
8.416656845826548761e+01
8.361406600609130635e+01
8.405343390589784747e+01
8.472502040906515219e+01
8.493129400496643200e+01
8.435882590041215678e+01
8.441665484142728815e+01
8.527703388300238885e+01
8.558904647919581521e+01
8.557553217591060957e+01
8.578941773418293337e+01
8.603650921303373877e+01
8.545469027207164459e+01
8.516152793209580807e+01
8.573680549566003606e+01
8.606731980930479153e+01
8.611243348115991125e+01
8.698980202518249882e+01
8.685326667403666079e+01
8.735553316297577453e+01
8.732856056293802283e+01
8.762311223404054772e+01
8.740275724366510701e+01
8.737177891428729026e+01
8.800781064813953947e+01
8.841062489108691125e+01
8.796059925561468162e+01
8.748044647776161753e+01
8.716769248589636732e+01
8.707125161967444171e+01
8.776304628962638787e+01
8.847541596298243860e+01
8.785937095409387609e+01
8.798648995989002231e+01
8.782802070544697415e+01
8.717073166161932818e+01
8.778411456870395568e+01
8.726340474682181991e+01
8.854716373939572804e+01
8.815264243325181326e+01
8.822257464304512098e+01
8.785043674189546437e+01
8.806780570563158506e+01
8.838109696129950521e+01
8.912734732280563321e+01
8.894333280090344829e+01
8.923057331407014203e+01
8.908134585546928008e+01
8.895313893322811793e+01
8.901602809141793671e+01
8.884053092577312327e+01
8.866489357397902893e+01
8.970917792966507420e+01
8.931797072888343791e+01
8.963941985608393281e+01
8.883216714273463310e+01
8.904528163673798247e+01
8.932739984797936472e+01
8.983201082977646479e+01
9.036718775968230943e+01
9.030822539498666401e+01
8.965702679226845362e+01
8.959640937006881245e+01
8.993598241028765017e+01
8.967015177128993741e+01
8.982541160684756676e+01
9.040821291456077802e+01
9.024805845058054388e+01
9.063932756861146345e+01
9.003035460099864906e+01
8.986475224402317963e+01
9.003839740787209678e+01
9.030227367465688815e+01
9.059973091281220547e+01
9.042207122101241623e+01
9.051004313316960292e+01
9.047435723621457271e+01
9.040878304684324007e+01
9.096078201240656824e+01
9.122321833810788405e+01
9.101246918055888102e+01
9.156602199437719491e+01
9.165658031289385121e+01
9.108559209867888740e+01
9.113021879749145171e+01
9.078670334066981695e+01
9.145091785188276390e+01
9.189688879694135437e+01
9.193805051757092883e+01
9.197162082663074045e+01
9.215740628797735212e+01
9.200907410923871055e+01
9.234578433445449264e+01
9.226082950301176311e+01
9.226648280318853779e+01
9.270213444374432754e+01
9.255738398260884026e+01
9.220877276889409302e+01
9.271092396722688989e+01
9.254082844131413310e+01
9.237289836656225361e+01
9.289166864935103263e+01
9.285252359508962172e+01
9.276922386401402321e+01
9.218854630585806831e+01
9.211745624996646598e+01
9.289811320010052498e+01
9.285739079645065885e+01
9.372313209114184929e+01
9.413635829167330371e+01
9.381282088163537480e+01
9.426720759863394505e+01
9.395723709278219360e+01
9.385875776513395863e+01
9.392070798192314385e+01
9.438073272963794125e+01
9.401855293787994583e+01
9.429212120903734728e+01
9.395754285663016958e+01
9.387985790764210492e+01
9.397326148738640939e+01
9.415812160028868050e+01
9.483788883487082444e+01
9.512092103564347667e+01
9.459167304081644545e+01
9.419214615241722299e+01
9.435265377344840942e+01
9.469706416688283923e+01
9.465391837853906054e+01
9.520156650201664661e+01
9.471023145061820969e+01
9.528688539150270742e+01
9.486384118684479461e+01
9.451662431203740766e+01
9.482554138536778510e+01
9.462553527953755861e+01
9.497066781121300494e+01
9.527934599779273128e+01
9.512530183338813572e+01
9.547183208151530209e+01
9.535819154985189527e+01
9.524642502535189692e+01
9.524110774195841600e+01
9.567761266136217557e+01
9.578322438112276416e+01
9.536631854949196452e+01
9.529393437182420712e+01
9.556904671923690842e+01
9.526801165244286551e+01
9.570415810057102135e+01
9.650146680406524524e+01
9.659827816873198003e+01
9.639739943000964217e+01
9.673270130964590408e+01
9.675408146490138961e+01
9.672986796981859925e+01
9.662042466103821425e+01
9.729253936530683688e+01
9.770216295960132413e+01
9.751365130017157412e+01
9.709402551362062184e+01
9.715687401670098211e+01
9.687806092202598052e+01
9.693366352645483630e+01
9.790195953824111541e+01
9.812708671239485625e+01
9.833629392137049763e+01
9.823491872332256492e+01
9.851034817547188993e+01
9.786491191326435057e+01
9.814524823350021165e+01
9.898874308454247739e+01
9.793015163157534175e+01
9.809862594014441584e+01
9.774904931859238388e+01
9.859737325146181774e+01
9.786312364902362049e+01
9.818023760701468916e+01
9.822308642097227960e+01
9.881614317426618754e+01
9.856518726211442072e+01
9.764805797244055441e+01
9.862050007124680917e+01
9.811867665113867076e+01
9.791039452692103850e+01
9.840451068302640181e+01
9.838255921400583759e+01
9.868111771415442490e+01
9.859149166273714116e+01
9.797488487995660478e+01
9.831906411952427050e+01
9.879293440189930209e+01
9.861487620339023863e+01
9.895320788362334952e+01
9.944617409671981534e+01
9.954348015222200274e+01
9.950027702393602169e+01
9.887413457189555288e+01
9.892806744790455298e+01
9.926520895077085527e+01
9.962132206744286123e+01
9.906930773321820993e+01
9.860623312985693190e+01
9.856619054858630591e+01
9.903298783694825147e+01
9.912951750793737915e+01
9.946181630228481652e+01
9.981303073501885592e+01
9.942477890151214126e+01
9.878656073574973107e+01
9.929114083014371772e+01
9.923559373083780599e+01
9.916346565929995904e+01
9.996405952082471913e+01
1.002686142122053354e+02
9.987996542636361141e+01
9.950024981301440619e+01
9.968545018721373197e+01
1.001680169453069027e+02
1.004184788426351673e+02
1.001256614232829492e+02
1.004254082363652714e+02
1.007119607301611666e+02
1.002831953438169279e+02
1.006072688675488820e+02
1.006779031205507664e+02
1.003009117599224425e+02
1.007733072502315821e+02
1.008672381207940845e+02
1.007550934615563136e+02
1.005755544371168497e+02
1.002889988374347467e+02
1.006770200030529594e+02
1.006014293692264516e+02
1.007634150957069465e+02
1.011414244846725836e+02
1.006376861539609706e+02
1.001486527561594215e+02
1.002712375383871688e+02
9.977762842069745375e+01
1.006823768288982706e+02
1.009936642491077663e+02
1.010408163600241380e+02
1.010868174780280810e+02
1.009624974634900525e+02
1.014025080946673967e+02
1.016290677241170499e+02
1.018323258758686194e+02
1.019405679241545926e+02
1.023059146935248407e+02
1.029584526548909480e+02
1.026166523485184854e+02
1.018377040143452632e+02
1.018925540930546418e+02
1.016777049424471926e+02
1.022685087003046078e+02
1.023729018024506274e+02
1.022679219156413666e+02
1.022371835157981224e+02
1.021229826250670243e+02
1.023954297846819941e+02
1.018815670095575854e+02
1.023976743646257859e+02
1.021493047621689811e+02
1.013519415966226234e+02
1.012669785018187838e+02
1.016862457051351782e+02
1.016449680250653387e+02
1.017509066809930260e+02
1.017280154171594546e+02
1.023297492725243103e+02
1.018412781999751786e+02
1.021008717876926539e+02
1.021879017171006581e+02
1.022730018942240520e+02
1.025744376577898720e+02
1.028471631116911738e+02
1.032582372226041940e+02
1.025748449718163613e+02
1.026732015446059165e+02
1.034304943585978691e+02
1.032497699828208937e+02
1.029517909195406276e+02
1.034046150040335590e+02
1.027129235048481348e+02
1.028347557380239721e+02
1.027726354339431083e+02
1.026844623451345626e+02
1.028241611381513394e+02
1.037568265785721593e+02
1.041156246847460096e+02
1.041321848101949570e+02
1.039175902233265987e+02
1.039349540621375780e+02
1.044347440890565650e+02
1.044044019248614319e+02
1.037627682749715206e+02
1.046170017355580626e+02
1.046815047617034224e+02
1.044484431333885652e+02
1.045133680631665811e+02
1.047173947122404343e+02
1.051568069817252535e+02
1.054894980486487839e+02
1.055438054216144508e+02
1.059252572870022675e+02
1.062731087409941750e+02
1.056005945367240884e+02
1.056404117139920373e+02
1.063450105514837674e+02
1.060455217697877117e+02
1.063701846845156496e+02
1.060531131449972406e+02
1.062414956576347436e+02
1.058642076007577657e+02
1.064044012237307584e+02
1.063737329880686815e+02
1.057640895567459154e+02
1.058443686373395991e+02
1.061562721526685493e+02
1.054688155451485727e+02
1.057610120345856757e+02
1.048860932346067898e+02
1.049793417238299185e+02
1.050478548295838692e+02
1.057328458956541226e+02
1.060841861394750651e+02
1.053011627536422026e+02
1.050790141909897102e+02
1.056168342948678713e+02
1.052823841068129127e+02
1.049084462211951490e+02
1.056979240782293203e+02
1.055249263901086181e+02
1.048930660748077912e+02
1.040931980821862908e+02
1.046300100776416571e+02
1.044748434603768743e+02
1.046399757809940354e+02
1.053859319299111661e+02
1.051819868411115948e+02
1.051144914310070249e+02
1.047983804998141011e+02
1.052599116135323669e+02
1.047871997441662018e+02
1.052455522896400311e+02
1.053008971411465353e+02
1.057040733615616830e+02
1.059162713452491431e+02
1.053350049776307031e+02
1.056511701539975974e+02
1.053895175597956069e+02
1.059115225898841146e+02
1.055673398215449765e+02
1.065382958868923708e+02
1.058531840838325735e+02
1.063629460091431440e+02
1.065621368725976055e+02
1.065559389932279544e+02
1.067905115351037892e+02
1.066963877965424814e+02
1.079932141815360467e+02
1.074179967012469916e+02
1.073450151525655372e+02
1.074455197641477042e+02
1.078956177168637254e+02
1.083128972352964894e+02
1.077031692946663384e+02
1.087602634601860387e+02
1.082601792629587294e+02
1.072978233515861177e+02
1.081579731107637201e+02
1.079505367958479383e+02
1.079589132681647783e+02
1.083676667869709433e+02
1.085600483148586903e+02
1.080145563848371069e+02
1.081230564206411060e+02
1.076538327520941181e+02
1.086866440536639828e+02
1.080326756482784418e+02
1.081356755730292889e+02
1.082161868686602304e+02
1.076035165022249913e+02
1.077372615519836216e+02
1.079087669218781969e+02
1.077418448358408511e+02
1.081352762489906354e+02
1.079568152052897290e+02
1.082409477367684474e+02
1.076287693013636897e+02
1.076393354309943220e+02
1.076969376891956642e+02
1.085986064386785301e+02
1.083710597033289247e+02
1.083618842576178025e+02
1.087624214207102114e+02
1.077348202300722022e+02
1.075231054066421024e+02
1.078848895941292909e+02
1.078770645525015652e+02
1.082120237867477925e+02
1.085062653960504377e+02
1.078448675476706313e+02
1.078067828723519028e+02
1.075326767673696224e+02
1.076728185835278424e+02
1.073002038872354547e+02
1.074530571985399519e+02
1.076131694504098135e+02
1.069664196009879191e+02
1.074408533736922351e+02
1.071246112079488455e+02
1.077901030031661094e+02
1.075207174450457188e+02
1.078298272931013884e+02
1.080624221992599558e+02
1.078697262015154905e+02
1.084581100967772329e+02
1.076797241685562483e+02
1.076554428336759202e+02
1.082597789592669102e+02
1.085553816011263564e+02
1.084300046704825888e+02
1.090168699145060316e+02
1.083493784299791827e+02
1.081536366945961447e+02
1.082239694066367406e+02
1.085802495859359169e+02
1.092357107433231533e+02
1.097082698850309015e+02
1.090408670645342113e+02
1.094675576883946349e+02
1.086982793202328423e+02
1.090694503434070555e+02
1.093739189468741273e+02
1.091349558248580536e+02
1.100274861687311727e+02
1.097973986665703450e+02
1.097622260167894410e+02
1.095914513429085844e+02
1.097949089838121921e+02
1.098233757003913382e+02
1.099939331427194418e+02
1.103429297581932076e+02
1.108821449616949764e+02
1.103685108813279356e+02
1.102526566964881738e+02
1.094326931776028573e+02
1.096323280315396147e+02
1.104302069018355468e+02
1.104550516038995767e+02
1.105702026284100583e+02
1.106869691383759715e+02
1.104327131258454671e+02
1.101513949683164242e+02
1.101308557688031300e+02
1.101086752846498911e+02
1.105285728667915350e+02
1.110176809089783916e+02
1.111265430375732848e+02
1.106623109271760370e+02
1.105447603135046108e+02
1.104368762547786531e+02
1.108750027724857006e+02
1.109427936981142722e+02
1.110787034193049436e+02
1.102563032821791467e+02
1.105843982772257874e+02
1.107264965307512057e+02
1.110201413192786362e+02
1.114290717457182609e+02
1.120708865203484237e+02
1.123951085888450194e+02
1.116499135510879483e+02
1.110805284759209712e+02
1.110443801915246240e+02
1.113629939725713456e+02
1.114212182019490882e+02
1.113921022168722317e+02
1.116672195326877812e+02
1.116547031285596603e+02
1.111947720108787223e+02
1.105348487743794550e+02
1.103121151462666489e+02
1.111433216424434391e+02
1.115208979375932046e+02
1.112301479430685163e+02
1.119520839174818150e+02
1.114229583524033700e+02
1.112495195583790064e+02
1.110739655132168053e+02
1.112721572580936851e+02
1.116415247706086404e+02
1.123117360047933460e+02
1.117954106121882347e+02
1.121777605820756492e+02
1.120681061955714881e+02
1.119641088471086192e+02
1.118694524462419508e+02
1.126043533724201779e+02
1.129038822365721586e+02
1.127166356124077424e+02
1.123341785342324357e+02
1.128329782397819088e+02
1.135142881869629434e+02
1.138129487277028460e+02
1.137899602120037343e+02
1.138923671723359377e+02
1.143693213577869727e+02
1.142188821131696557e+02
1.139895761485420849e+02
1.140006930591784169e+02
1.139288578983390892e+02
1.144904418579003647e+02
1.143285590719274438e+02
1.142575020821460612e+02
1.137529008994807782e+02
1.141984622687774618e+02
1.145328606930962678e+02
1.146321441535698398e+02
1.148141700454412870e+02
1.146817158787828106e+02
1.143741542150741708e+02
1.144305366089081417e+02
1.143468827527939027e+02
1.144792024344640282e+02
1.142651399746318504e+02
1.147891680165857764e+02
1.149852032217532525e+02
1.144360404564775280e+02
1.144144526163012046e+02
1.141988050444301308e+02
1.136942785580106658e+02
1.143517620091499509e+02
1.141824284012151054e+02
1.141074122148853718e+02
1.140174934471072561e+02
1.136916003366017378e+02
1.143725461851450262e+02
1.144825768343909544e+02
1.144590079719713032e+02
1.149815140341826094e+02
1.140396643275028765e+02
1.140912421378974528e+02
1.140572788549703773e+02
1.146452863776680857e+02
1.135752350907583832e+02
1.135073932355096957e+02
1.149334254698436268e+02
1.154320755171018789e+02
1.146906425219806920e+02
1.137433896720622215e+02
1.139539905167897018e+02
1.147294347412321258e+02
1.150444419946829413e+02
1.156823370822599344e+02
1.159607457303646356e+02
1.159190544764250319e+02
1.157774430332726894e+02
1.150765138839092714e+02
1.152914835525481720e+02
1.151507290510821520e+02
1.149170798046615687e+02
1.148951127504369225e+02
1.149069517535456271e+02
1.146051829077403568e+02
1.148237458776499835e+02
1.159970282130542927e+02
1.152654335061182991e+02
1.153555425854360266e+02
1.158510597434310228e+02
1.150125502510980198e+02
1.147077871698645168e+02
1.153432113796131659e+02
1.154299130377987552e+02
1.158402524330537062e+02
1.162029425828481379e+02
1.166598534947629986e+02
1.161463845732848910e+02
1.155322286704925006e+02
1.155950381225215295e+02
1.157860223288012804e+02
1.166121727831952910e+02
1.166274835239835568e+02
1.166643543396522773e+02
1.163596177211881439e+02
1.162584644762025192e+02
1.161196452910546384e+02
1.163050961247152202e+02
1.161422036796562907e+02
1.167426244313752335e+02
1.173233197927138747e+02
1.170332857162015614e+02
1.167973001043817618e+02
1.166333978653827188e+02
1.167387245315398587e+02
1.174701692955746495e+02
1.178392005015040525e+02
1.178113581188198111e+02
1.176726356774604056e+02
1.175926922951420579e+02
1.178575326428954924e+02
1.185039913371306000e+02
1.191051842996553063e+02
1.192198333482988630e+02
1.187627242169045161e+02
1.183717186024811809e+02
1.177478455059662252e+02
1.178886141296557781e+02
1.186361476348297117e+02
1.185448744838526665e+02
1.190866451670167692e+02
1.190387059446670293e+02
1.197177052080480166e+02
1.187480213161826441e+02
1.187957070775382391e+02
1.192207854956050426e+02
1.190780531435684821e+02
1.195007779088701341e+02
1.195806055168779807e+02
1.188154893435810067e+02
1.185677703534252032e+02
1.184947083500238563e+02
1.186631547701794034e+02
1.188783760722430003e+02
1.193452762725993495e+02
1.195588925013388177e+02
1.192775571406560715e+02
1.187509177696802141e+02
1.185093274428149357e+02
1.188076653279945560e+02
1.184420163082739634e+02
1.195960464021324583e+02
1.201977271142978196e+02
1.197888646682361014e+02
1.181754262545138090e+02
1.186085125278307828e+02
1.185007756662213723e+02
1.189629769616408339e+02
1.195257512854097826e+02
1.193718749431394173e+02
1.189711928448757163e+02
1.186176641258132776e+02
1.181927562698663081e+02
1.185881995610896951e+02
1.186264267958172667e+02
1.195515884348418325e+02
1.196810339213390648e+02
1.196604013661248018e+02
1.187412138285633034e+02
1.193486606188171351e+02
1.194661679801448884e+02
1.190762040558184509e+02
1.199718170724622439e+02
1.198785266658204307e+02
1.199518468473847577e+02
1.191956419043341668e+02
1.196893412771163554e+02
1.204612461550703841e+02
1.201985501558925051e+02
1.202349967217871693e+02
1.199176347056383491e+02
1.200901029455481392e+02
1.208631737000178248e+02
1.208821306895815582e+02
1.213142522905836387e+02
1.214769760407723993e+02
1.220872079669475028e+02
1.227014523471175380e+02
1.223278926586276185e+02
1.218990626524902439e+02
1.212380746985694344e+02
1.216368247666295161e+02
1.217477624764801760e+02
1.218297848513058455e+02
1.222714127509874089e+02
1.218289590059509777e+02
1.214630656933617274e+02
1.214293936579243933e+02
1.218527891531784633e+02
1.221048402680840326e+02
1.215727050753587974e+02
1.219711468464347632e+02
1.221949887132020223e+02
1.221138563007909568e+02
1.214110195996971697e+02
1.215544279447286868e+02
1.212988480755983147e+02
1.215648788551080628e+02
1.222654037058554195e+02
1.221479397803416589e+02
1.226524239684191713e+02
1.224605233716962829e+02
1.226509724930572389e+02
1.229074487841526917e+02
1.232934628540348569e+02
1.232245382403190774e+02
1.236364409077627471e+02
1.218619558026150571e+02
1.225504717786836721e+02
1.233343548079338348e+02
1.224718167260148647e+02
1.227702960762338620e+02
1.233502456461868064e+02
1.237209569935026110e+02
1.227544893082424267e+02
1.231859211436839274e+02
1.235735339855353629e+02
1.235239465047445009e+02
1.244283703406998285e+02
1.239984823099806874e+02
1.238631239822062753e+02
1.236125253899321166e+02
1.233507394588455668e+02
1.238953054508809686e+02
1.240441172171948239e+02
1.242318779025059854e+02
1.243749614387823073e+02
1.244133885108728066e+02
1.236487253351541966e+02
1.243458384559150716e+02
1.242351181587850135e+02
1.248856627873764324e+02
1.251527848204775069e+02
1.250737809064843162e+02
1.251724488128145651e+02
1.251192042022813808e+02
1.248183991856719643e+02
1.245444874923583569e+02
1.247224398580463145e+02
1.250167479530213512e+02
1.244586611712510802e+02
1.237936380068792204e+02
1.241804795467786420e+02
1.244005145171650639e+02
1.242035350277226513e+02
1.240591638866340531e+02
1.242912833412633518e+02
1.239817973455264024e+02
1.239720551341674764e+02
1.240514208098102529e+02
1.249678590824857309e+02
1.247711557457397618e+02
1.257626076426226120e+02
1.254621484742262965e+02
1.258461998818656014e+02
1.265067048268410872e+02
1.251850489192590317e+02
1.253256229695036552e+02
1.253124804240196255e+02
1.254842434778585840e+02
1.263478498600514257e+02
1.258246876744248084e+02
1.252499115214663448e+02
1.259784481575038058e+02
1.258279274817140134e+02
1.250618210477788494e+02
1.260804909925399784e+02
1.266104943433249730e+02
1.268741847743908409e+02
1.264800105365329586e+02
1.256635151423606231e+02
1.269455203441342093e+02
1.265151029406200536e+02
1.268180774112732365e+02
1.266401128991024478e+02
1.270433236461262396e+02
1.266783835261154252e+02
1.269457806013193704e+02
1.265542425802418336e+02
1.270109554606940918e+02
1.261903216710324784e+02
1.265605672225624403e+02
1.257252867128366063e+02
1.258242545567985360e+02
1.257475099197672108e+02
1.256113804096066389e+02
1.257982050990666067e+02
1.257508033994895840e+02
1.261588253493901846e+02
1.256183100427166011e+02
1.249317063904940852e+02
1.249687193330361339e+02
1.257622664928530440e+02
1.254366878760457951e+02
1.247241091163824791e+02
1.260936942083638712e+02
1.260910220933486841e+02
1.263621426210812047e+02
1.259098831967925065e+02
1.260663375824090622e+02
1.261866586868101052e+02
1.268433566814467781e+02
1.272520889090893661e+02
1.273307618343310423e+02
1.267091440849277575e+02
1.266866381587754233e+02
1.269898855231042631e+02
1.274684490390306593e+02
1.274519581601878429e+02
1.280548792925203259e+02
1.288673457699256346e+02
1.275611390362467432e+02
1.282744001648733558e+02
1.282406303196953274e+02
1.280265203108167498e+02
1.287935774633377548e+02
1.290290792995805873e+02
1.288979505725235981e+02
1.288754699806356712e+02
1.283118457055977899e+02
1.280411606752741989e+02
1.286474945167935857e+02
1.278390741561951671e+02
1.286929005690612655e+02
1.299684606497642676e+02
1.297928958961637704e+02
1.296105638661086346e+02
1.299058215459176608e+02
1.298454908531921319e+02
1.300963090561444915e+02
1.295171541619021411e+02
1.303043330103161281e+02
1.308058603692053623e+02
1.302065297370402845e+02
1.302171477132560256e+02
1.298178333523930235e+02
1.303144814183827691e+02
1.312514156645423782e+02
1.306038220993085019e+02
1.310983011140905887e+02
