4.649695925476013514e+01
4.649695925476013514e+01
4.649695925476013514e+01
4.649695925476013514e+01
4.115641778552757302e+01
4.048072827353792036e+01
4.048072827353792036e+01
3.915130363407897107e+01
3.729979442370672871e+01
3.729979442370672871e+01
3.729979442370672871e+01
3.784237741222401752e+01
4.175226500223516268e+01
4.048072827353792036e+01
3.733041350932078473e+01
3.728611363160789693e+01
3.728611363160789693e+01
3.728611363160789693e+01
4.048072827353792036e+01
4.139123777479028377e+01
4.169783862274532993e+01
4.169783862274532993e+01
4.169783862274532993e+01
4.169783862274532993e+01
4.169783862274532993e+01
4.028929720475512966e+01
4.150640755396253923e+01
4.135015185371492663e+01
4.142571618164467395e+01
3.577069609241418391e+01
3.577069609241418391e+01
3.577069609241418391e+01
3.460008998645410827e+01
3.426254805399518943e+01
3.426254805399518943e+01
3.427397935304445298e+01
3.433635066716860251e+01
3.433635066716860251e+01
3.433635066716860251e+01
3.433635066716860251e+01
3.669954954148084170e+01
3.698861701452418060e+01
3.726810829993073781e+01
3.669044142231953742e+01
3.669044142231953742e+01
3.669044142231953742e+01
3.677126745780098815e+01
3.416365728648296596e+01
3.882145240646964623e+01
3.503513785332948771e+01
3.573853282501549700e+01
3.573853282501549700e+01
3.573853282501549700e+01
3.892101085663131954e+01
4.088319887300745847e+01
3.647409106410020740e+01
3.761216349490816668e+01
3.753659916697841936e+01
3.753659916697841936e+01
3.753659916697841936e+01
4.162705075914184505e+01
4.164215561625028528e+01
3.769285486722603196e+01
4.162705075914184505e+01
3.761216349490816668e+01
3.761216349490816668e+01
3.761216349490816668e+01
3.769285486722603196e+01
3.769285486722603196e+01
3.851905541116064313e+01
3.769285486722603196e+01
3.769285486722603196e+01
3.769285486722603196e+01
3.769285486722603196e+01
4.142571618164467395e+01
4.273505486788011609e+01
3.794285871829480783e+01
3.794285871829480783e+01
4.150640755396253923e+01
4.150640755396253923e+01
4.150640755396253923e+01
4.150640755396253923e+01
4.150640755396253923e+01
4.367447972530512601e+01
4.161714725042746466e+01
4.422209536514551331e+01
4.422209536514551331e+01
4.422209536514551331e+01
4.048072827353792036e+01
4.161714725042746466e+01
4.169006162048984265e+01
4.169783862274532993e+01
4.169783862274532993e+01
4.169783862274532993e+01
4.169783862274532993e+01
4.169783862274532993e+01
4.169783862274532993e+01
4.048072827353792036e+01
3.710836335492393800e+01
4.119980670600749306e+01
4.119980670600749306e+01
4.119980670600749306e+01
4.273505486788011609e+01
4.142571618164467395e+01
4.422209536514551331e+01
4.161714725042746466e+01
4.150640755396253923e+01
4.150640755396253923e+01
4.150640755396253923e+01
4.150640755396253923e+01
4.150640755396253923e+01
4.150640755396253923e+01
4.150640755396253923e+01
4.150640755396253923e+01
4.150640755396253923e+01
4.150640755396253923e+01
4.150640755396253923e+01
4.150640755396253923e+01
4.156083393345238619e+01
3.761216349490816668e+01
3.769285486722603196e+01
3.769285486722603196e+01
3.769285486722603196e+01
3.769285486722603196e+01
4.150640755396253923e+01
3.761216349490816668e+01
3.769285486722603196e+01
3.851905541116064313e+01
3.851905541116064313e+01
3.851905541116064313e+01
3.769285486722603196e+01
3.769285486722603196e+01
3.680053741245015431e+01
3.769285486722603196e+01
4.273505486788011609e+01
4.273505486788011609e+01
4.273505486788011609e+01
4.273505486788011609e+01
4.150640755396253923e+01
4.150640755396253923e+01
4.135015185371492663e+01
4.150640755396253923e+01
4.150640755396253923e+01
4.150640755396253923e+01
4.150640755396253923e+01
4.150640755396253923e+01
4.139123777479028377e+01
4.252403916667994821e+01
4.169783862274532993e+01
4.169783862274532993e+01
4.169783862274532993e+01
4.169783862274532993e+01
4.080552116796945938e+01
4.169783862274532993e+01
4.169783862274532993e+01
4.169783862274532993e+01
4.169783862274532993e+01
4.169783862274532993e+01
4.169783862274532993e+01
4.183358668503307598e+01
4.318292719333744856e+01
4.162705075914184505e+01
4.048072827353792036e+01
4.048072827353792036e+01
4.048072827353792036e+01
4.169783862274532993e+01
4.169783862274532993e+01
4.169783862274532993e+01
3.784237741222401752e+01
4.142571618164467395e+01
4.142571618164467395e+01
4.142571618164467395e+01
4.142571618164467395e+01
4.233260809789715751e+01
4.169783862274532993e+01
4.169783862274532993e+01
4.292135229246122208e+01
4.292135229246122208e+01
4.292135229246122208e+01
4.046693953795761445e+01
4.169783862274532993e+01
4.169783862274532993e+01
4.169783862274532993e+01
4.169783862274532993e+01
4.169783862274532993e+01
4.169783862274532993e+01
4.169783862274532993e+01
4.169783862274532993e+01
4.169783862274532993e+01
5.809966695190986741e+01
5.744784056443863562e+01
5.744784056443863562e+01
5.744784056443863562e+01
6.055613891129972615e+01
6.160615601637070426e+01
6.126658826058774565e+01
6.142552597619262400e+01
6.134716514563557155e+01
6.134716514563557155e+01
6.134716514563557155e+01
6.198167597990924804e+01
6.134716514563557155e+01
6.118165301561278113e+01
6.436292522823032414e+01
6.310114350515495119e+01
6.310114350515495119e+01
6.310114350515495119e+01
6.610629578076637358e+01
6.772779545687114933e+01
6.800264117699865096e+01
6.789018352398639422e+01
6.758261161589300059e+01
6.758261161589300059e+01
6.758261161589300059e+01
6.715592244152138335e+01
6.788964882948272361e+01
6.999385462464042007e+01
6.828389003854083228e+01
7.099543027981427201e+01
7.099543027981427201e+01
7.099543027981427201e+01
6.421571047429057444e+01
6.272835986654669682e+01
6.306946185587845122e+01
6.306946185587845122e+01
6.224308724342554200e+01
6.224308724342554200e+01
6.224308724342554200e+01
6.363373008635877426e+01
6.303979713897044945e+01
6.593165466664768815e+01
6.224308724342554200e+01
6.309727157406472031e+01
6.309727157406472031e+01
6.309727157406472031e+01
6.507724518286688919e+01
6.959832275699336890e+01
6.738160857586740349e+01
6.800783148429506753e+01
7.005923124237754962e+01
7.005923124237754962e+01
7.005923124237754962e+01
6.592600915544184659e+01
7.130638583413465881e+01
7.181772328541282491e+01
7.185182402269489899e+01
7.185182402269489899e+01
7.185182402269489899e+01
7.185182402269489899e+01
6.931169848044572745e+01
7.130638583413465881e+01
7.130638583413465881e+01
6.944698732138715513e+01
6.943319858580684922e+01
6.943319858580684922e+01
6.943319858580684922e+01
6.929000092301708946e+01
6.943319858580684922e+01
6.943319858580684922e+01
6.943319858580684922e+01
7.185182402269489899e+01
7.185182402269489899e+01
7.185182402269489899e+01
6.943319858580684922e+01
7.185182402269489899e+01
7.182120493708083586e+01
7.182120493708083586e+01
6.931169848044572745e+01
6.931169848044572745e+01
6.931169848044572745e+01
7.182120493708083586e+01
7.182120493708083586e+01
7.185182402269489899e+01
7.182120493708083586e+01
6.931169848044572745e+01
6.931169848044572745e+01
6.931169848044572745e+01
6.931169848044572745e+01
7.185182402269489899e+01
7.182120493708083586e+01
7.185182402269489899e+01
7.185182402269489899e+01
7.185182402269489899e+01
7.185182402269489899e+01
6.931169848044572745e+01
6.929584941388401376e+01
7.185182402269489899e+01
7.182120493708083586e+01
7.185182402269489899e+01
7.185182402269489899e+01
7.185182402269489899e+01
7.182120493708083586e+01
7.182120493708083586e+01
7.182120493708083586e+01
7.182120493708083586e+01
7.185182402269489899e+01
7.185182402269489899e+01
7.185182402269489899e+01
7.182120493708083586e+01
6.929584941388401376e+01
6.929000092301708946e+01
7.182120493708083586e+01
7.185182402269489899e+01
7.185182402269489899e+01
7.185182402269489899e+01
7.185182402269489899e+01
7.185182402269489899e+01
7.182120493708083586e+01
7.185182402269489899e+01
7.185182402269489899e+01
7.185182402269489899e+01
7.185182402269489899e+01
7.185182402269489899e+01
7.185182402269489899e+01
7.181772328541282491e+01
7.182120493708083586e+01
7.182120493708083586e+01
7.182120493708083586e+01
7.182120493708083586e+01
7.185182402269489899e+01
7.182120493708083586e+01
7.185182402269489899e+01
6.944698732138715513e+01
6.929000092301708946e+01
6.929000092301708946e+01
6.929000092301708946e+01
7.185182402269489899e+01
7.185182402269489899e+01
6.931169848044572745e+01
7.185182402269489899e+01
7.182120493708083586e+01
7.182120493708083586e+01
7.182120493708083586e+01
7.185182402269489899e+01
7.182120493708083586e+01
7.171881185032941630e+01
7.182120493708083586e+01
7.182120493708083586e+01
7.182120493708083586e+01
7.182120493708083586e+01
7.185182402269489899e+01
7.182120493708083586e+01
7.182120493708083586e+01
7.185182402269489899e+01
7.185182402269489899e+01
7.185182402269489899e+01
7.185182402269489899e+01
6.929000092301708946e+01
7.185182402269489899e+01
6.931169848044572745e+01
7.185182402269489899e+01
7.182120493708083586e+01
7.182120493708083586e+01
7.182120493708083586e+01
7.185182402269489899e+01
7.185182402269489899e+01
6.929000092301708946e+01
6.931169848044572745e+01
6.931169848044572745e+01
6.931169848044572745e+01
6.931169848044572745e+01
7.182120493708083586e+01
7.182120493708083586e+01
7.182120493708083586e+01
7.185182402269489899e+01
6.931169848044572745e+01
6.931169848044572745e+01
6.931169848044572745e+01
7.185182402269489899e+01
7.185182402269489899e+01
7.181772328541282491e+01
6.931169848044572745e+01
6.931169848044572745e+01
6.931169848044572745e+01
6.931169848044572745e+01
7.185182402269489899e+01
7.185182402269489899e+01
7.185182402269489899e+01
7.182120493708083586e+01
7.182120493708083586e+01
7.182120493708083586e+01
7.182120493708083586e+01
7.185182402269489899e+01
7.185182402269489899e+01
6.944698732138715513e+01
6.943217420054648414e+01
7.185182402269489899e+01
7.185182402269489899e+01
7.185182402269489899e+01
7.185182402269489899e+01
7.185182402269489899e+01
7.185182402269489899e+01
6.931169848044572745e+01
6.944698732138715513e+01
6.944698732138715513e+01
6.944698732138715513e+01
6.929584941388401376e+01
6.943319858580684922e+01
7.188821243283737772e+01
6.929000092301708946e+01
6.943319858580684922e+01
6.943319858580684922e+01
6.943319858580684922e+01
6.943319858580684922e+01
7.130638583413465881e+01
6.943217420054648414e+01
7.188821243283737772e+01
6.929584941388401376e+01
6.929584941388401376e+01
6.929584941388401376e+01
7.185182402269489899e+01
6.931169848044572745e+01
7.130638583413465881e+01
7.117460647307109411e+01
7.130638583413465881e+01
7.130638583413465881e+01
7.130638583413465881e+01
7.181772328541282491e+01
6.944698732138715513e+01
7.185182402269489899e+01
7.185182402269489899e+01
7.185182402269489899e+01
7.185182402269489899e+01
7.185182402269489899e+01
7.185182402269489899e+01
7.181772328541282491e+01
6.943319858580684922e+01
6.943319858580684922e+01
7.128531239642830997e+01
7.128531239642830997e+01
7.128531239642830997e+01
7.183427049363626793e+01
7.183427049363626793e+01
6.944698732138715513e+01
6.915170660675336478e+01
7.128531239642830997e+01
7.128531239642830997e+01
7.128531239642830997e+01
6.973720950395343721e+01
7.185182402269489899e+01
6.931169848044572745e+01
7.185182402269489899e+01
7.185182402269489899e+01
7.185182402269489899e+01
7.185182402269489899e+01
7.185182402269489899e+01
7.182120493708083586e+01
7.185182402269489899e+01
6.929584941388401376e+01
7.182120493708083586e+01
7.182120493708083586e+01
7.182120493708083586e+01
7.182120493708083586e+01
7.182120493708083586e+01
7.185182402269489899e+01
7.185182402269489899e+01
6.943319858580684922e+01
6.943319858580684922e+01
6.943319858580684922e+01
7.185182402269489899e+01
7.185182402269489899e+01
7.181772328541282491e+01
7.182120493708083586e+01
7.185182402269489899e+01
7.185182402269489899e+01
7.185182402269489899e+01
7.185182402269489899e+01
7.185182402269489899e+01
6.943319858580684922e+01
7.188821243283737772e+01
6.929000092301708946e+01
6.929000092301708946e+01
6.929000092301708946e+01
7.128531239642830997e+01
7.130638583413465881e+01
7.186275132069067695e+01
7.183427049363626793e+01
7.117460647307109411e+01
7.117460647307109411e+01
7.117460647307109411e+01
7.188821243283737772e+01
7.128531239642830997e+01
7.182120493708083586e+01
7.185182402269489899e+01
6.929000092301708946e+01
6.929000092301708946e+01
6.929000092301708946e+01
7.185182402269489899e+01
7.185182402269489899e+01
6.929000092301708946e+01
7.185182402269489899e+01
7.182120493708083586e+01
7.182120493708083586e+01
7.182120493708083586e+01
7.185182402269489899e+01
6.944698732138715513e+01
7.185182402269489899e+01
7.182120493708083586e+01
7.185182402269489899e+01
7.185182402269489899e+01
7.185182402269489899e+01
7.182120493708083586e+01
7.185182402269489899e+01
7.185182402269489899e+01
7.185182402269489899e+01
7.182120493708083586e+01
7.182120493708083586e+01
7.182120493708083586e+01
7.182120493708083586e+01
7.182120493708083586e+01
7.185182402269489899e+01
7.185182402269489899e+01
6.929000092301708946e+01
6.929000092301708946e+01
6.929000092301708946e+01
7.185182402269489899e+01
7.185182402269489899e+01
7.185182402269489899e+01
7.185182402269489899e+01
7.185182402269489899e+01
7.185182402269489899e+01
7.185182402269489899e+01
7.182120493708083586e+01
7.185182402269489899e+01
7.185182402269489899e+01
7.185182402269489899e+01
6.931169848044572745e+01
6.931169848044572745e+01
6.931169848044572745e+01
6.943319858580684922e+01
6.943319858580684922e+01
6.943319858580684922e+01
6.943319858580684922e+01
7.185182402269489899e+01
7.185182402269489899e+01
7.185182402269489899e+01
7.117460647307109411e+01
6.943319858580684922e+01
7.128531239642830997e+01
7.130638583413465881e+01
7.183427049363626793e+01
7.183427049363626793e+01
7.183427049363626793e+01
7.130638583413465881e+01
7.188821243283737772e+01
6.943319858580684922e+01
7.188821243283737772e+01
7.183427049363626793e+01
7.183427049363626793e+01
7.183427049363626793e+01
7.188821243283737772e+01
7.183427049363626793e+01
7.183427049363626793e+01
7.130638583413465881e+01
7.186830765822442402e+01
7.186830765822442402e+01
7.186830765822442402e+01
7.186275132069067695e+01
7.195091330974339883e+01
7.186275132069067695e+01
7.195091330974339883e+01
7.130638583413465881e+01
7.130638583413465881e+01
7.130638583413465881e+01
7.183427049363626793e+01
7.188821243283737772e+01
7.183427049363626793e+01
7.186275132069067695e+01
7.195091330974339883e+01
7.195091330974339883e+01
7.195091330974339883e+01
7.188821243283737772e+01
7.183427049363626793e+01
7.195091330974339883e+01
7.195091330974339883e+01
7.195091330974339883e+01
7.195091330974339883e+01
7.195091330974339883e+01
7.186275132069067695e+01
6.929000092301708946e+01
7.185182402269489899e+01
6.929000092301708946e+01
7.183427049363626793e+01
7.183427049363626793e+01
7.183427049363626793e+01
6.943319858580684922e+01
6.944698732138715513e+01
6.943319858580684922e+01
6.943319858580684922e+01
7.188821243283737772e+01
7.188821243283737772e+01
7.188821243283737772e+01
6.929000092301708946e+01
7.130638583413465881e+01
6.943319858580684922e+01
7.128531239642830997e+01
7.183427049363626793e+01
7.183427049363626793e+01
7.183427049363626793e+01
6.944698732138715513e+01
6.931169848044572745e+01
7.185182402269489899e+01
6.931169848044572745e+01
6.915170660675336478e+01
6.915170660675336478e+01
6.915170660675336478e+01
6.944698732138715513e+01
7.117460647307109411e+01
7.130638583413465881e+01
6.944698732138715513e+01
7.182120493708083586e+01
7.182120493708083586e+01
7.182120493708083586e+01
6.929584941388401376e+01
6.944698732138715513e+01
7.186830765822442402e+01
7.195091330974339883e+01
7.195091330974339883e+01
7.195091330974339883e+01
7.195091330974339883e+01
7.183427049363626793e+01
7.195091330974339883e+01
7.128531239642830997e+01
6.943319858580684922e+01
6.943319858580684922e+01
6.943319858580684922e+01
6.943319858580684922e+01
6.943319858580684922e+01
7.183427049363626793e+01
7.117460647307109411e+01
6.943319858580684922e+01
7.185182402269489899e+01
7.185182402269489899e+01
7.185182402269489899e+01
6.929000092301708946e+01
6.915170660675336478e+01
7.186830765822442402e+01
7.183427049363626793e+01
7.130638583413465881e+01
7.130638583413465881e+01
7.130638583413465881e+01
7.130638583413465881e+01
7.186275132069067695e+01
7.186275132069067695e+01
7.195091330974339883e+01
7.195091330974339883e+01
7.195091330974339883e+01
7.195091330974339883e+01
7.130638583413465881e+01
7.195091330974339883e+01
7.186275132069067695e+01
7.186275132069067695e+01
7.188821243283737772e+01
7.188821243283737772e+01
7.188821243283737772e+01
7.186275132069067695e+01
7.186275132069067695e+01
7.195091330974339883e+01
7.195091330974339883e+01
7.195091330974339883e+01
7.195091330974339883e+01
7.195091330974339883e+01
7.195091330974339883e+01
7.195091330974339883e+01
7.188821243283737772e+01
7.195091330974339883e+01
7.195091330974339883e+01
7.195091330974339883e+01
7.195091330974339883e+01
7.195091330974339883e+01
7.195091330974339883e+01
7.186275132069067695e+01
7.195091330974339883e+01
7.195091330974339883e+01
7.195091330974339883e+01
7.195091330974339883e+01
7.188821243283737772e+01
6.931169848044572745e+01
7.188821243283737772e+01
7.130638583413465881e+01
7.130638583413465881e+01
7.130638583413465881e+01
7.130638583413465881e+01
7.186275132069067695e+01
7.195091330974339883e+01
7.183427049363626793e+01
6.931169848044572745e+01
7.185182402269489899e+01
7.185182402269489899e+01
7.185182402269489899e+01
6.944698732138715513e+01
6.931169848044572745e+01
6.929000092301708946e+01
7.188821243283737772e+01
7.186830765822442402e+01
7.186830765822442402e+01
7.186830765822442402e+01
7.183427049363626793e+01
7.183427049363626793e+01
7.130638583413465881e+01
7.186830765822442402e+01
7.128531239642830997e+01
7.128531239642830997e+01
7.128531239642830997e+01
7.130638583413465881e+01
7.183427049363626793e+01
7.186830765822442402e+01
7.130638583413465881e+01
7.186830765822442402e+01
7.186830765822442402e+01
7.186830765822442402e+01
7.186275132069067695e+01
7.130638583413465881e+01
7.186830765822442402e+01
7.188821243283737772e+01
7.188821243283737772e+01
7.188821243283737772e+01
7.188821243283737772e+01
7.130638583413465881e+01
7.186275132069067695e+01
7.186275132069067695e+01
7.195091330974339883e+01
7.195091330974339883e+01
7.195091330974339883e+01
7.195091330974339883e+01
7.183427049363626793e+01
7.117460647307109411e+01
6.943319858580684922e+01
7.186275132069067695e+01
7.186275132069067695e+01
7.186275132069067695e+01
7.186275132069067695e+01
7.130638583413465881e+01
7.188821243283737772e+01
7.183427049363626793e+01
7.188821243283737772e+01
7.186275132069067695e+01
7.186275132069067695e+01
7.186275132069067695e+01
7.183427049363626793e+01
7.183427049363626793e+01
7.195091330974339883e+01
7.183427049363626793e+01
7.130638583413465881e+01
7.130638583413465881e+01
7.130638583413465881e+01
7.186275132069067695e+01
7.183427049363626793e+01
7.195091330974339883e+01
7.186275132069067695e+01
7.195091330974339883e+01
7.195091330974339883e+01
7.195091330974339883e+01
7.183427049363626793e+01
6.915170660675336478e+01
7.186830765822442402e+01
7.128531239642830997e+01
7.186830765822442402e+01
7.186830765822442402e+01
7.186830765822442402e+01
7.183427049363626793e+01
7.188821243283737772e+01
7.130638583413465881e+01
7.183427049363626793e+01
7.186275132069067695e+01
7.186275132069067695e+01
7.186275132069067695e+01
7.188821243283737772e+01
7.186275132069067695e+01
7.186275132069067695e+01
7.186275132069067695e+01
7.195091330974339883e+01
7.195091330974339883e+01
7.195091330974339883e+01
7.195091330974339883e+01
7.195091330974339883e+01
7.195091330974339883e+01
7.183427049363626793e+01
7.186275132069067695e+01
7.186275132069067695e+01
7.186275132069067695e+01
7.195091330974339883e+01
7.186275132069067695e+01
7.195091330974339883e+01
7.195091330974339883e+01
7.195091330974339883e+01
7.195091330974339883e+01
7.195091330974339883e+01
7.195091330974339883e+01
7.195091330974339883e+01
7.195091330974339883e+01
7.195091330974339883e+01
7.186275132069067695e+01
7.186275132069067695e+01
7.186275132069067695e+01
7.186275132069067695e+01
7.195091330974339883e+01
7.183427049363626793e+01
6.992713288896774770e+01
7.183427049363626793e+01
7.183427049363626793e+01
7.183427049363626793e+01
7.195091330974339883e+01
7.195091330974339883e+01
7.195091330974339883e+01
7.195091330974339883e+01
7.186275132069067695e+01
7.186275132069067695e+01
7.186275132069067695e+01
7.186275132069067695e+01
7.195091330974339883e+01
7.195091330974339883e+01
7.195091330974339883e+01
7.195091330974339883e+01
7.195091330974339883e+01
7.195091330974339883e+01
7.186275132069067695e+01
7.195091330974339883e+01
7.195091330974339883e+01
7.195091330974339883e+01
7.195091330974339883e+01
7.195091330974339883e+01
7.195091330974339883e+01
7.195091330974339883e+01
7.195091330974339883e+01
7.195091330974339883e+01
7.195091330974339883e+01
7.195091330974339883e+01
7.195091330974339883e+01
7.195091330974339883e+01
7.186275132069067695e+01
7.183427049363626793e+01
7.195091330974339883e+01
7.183427049363626793e+01
7.183427049363626793e+01
7.183427049363626793e+01
7.183427049363626793e+01
7.186830765822442402e+01
7.195091330974339883e+01
7.195091330974339883e+01
7.195091330974339883e+01
7.195091330974339883e+01
7.195091330974339883e+01
7.195091330974339883e+01
7.195091330974339883e+01
7.195091330974339883e+01
7.195091330974339883e+01
7.195091330974339883e+01
7.195091330974339883e+01
7.195091330974339883e+01
7.195091330974339883e+01
7.195091330974339883e+01
7.195091330974339883e+01
7.195091330974339883e+01
7.195091330974339883e+01
7.195091330974339883e+01
7.195091330974339883e+01
7.195091330974339883e+01
7.195091330974339883e+01
7.195091330974339883e+01
7.195091330974339883e+01
7.195091330974339883e+01
7.195091330974339883e+01
7.195091330974339883e+01
7.195091330974339883e+01
7.195091330974339883e+01
7.195091330974339883e+01
7.195091330974339883e+01
7.195091330974339883e+01
7.195091330974339883e+01
7.195091330974339883e+01
7.195091330974339883e+01
7.195091330974339883e+01
7.195091330974339883e+01
7.195091330974339883e+01
7.195091330974339883e+01
7.195091330974339883e+01
7.195091330974339883e+01
7.195091330974339883e+01
7.195091330974339883e+01
7.195091330974339883e+01
7.195091330974339883e+01
7.195091330974339883e+01
7.186275132069067695e+01
7.186275132069067695e+01
7.186275132069067695e+01
7.186275132069067695e+01
7.195091330974339883e+01
7.195091330974339883e+01
7.195091330974339883e+01
7.195091330974339883e+01
7.195091330974339883e+01
7.195091330974339883e+01
7.186275132069067695e+01
7.186275132069067695e+01
7.195091330974339883e+01
7.195091330974339883e+01
7.195091330974339883e+01
7.195091330974339883e+01
7.195091330974339883e+01
7.183427049363626793e+01
7.195091330974339883e+01
7.195091330974339883e+01
7.195091330974339883e+01
7.195091330974339883e+01
7.195091330974339883e+01
7.195091330974339883e+01
7.195091330974339883e+01
7.195091330974339883e+01
7.195091330974339883e+01
7.195091330974339883e+01
7.195091330974339883e+01
7.195091330974339883e+01
7.195091330974339883e+01
7.186275132069067695e+01
7.195091330974339883e+01
7.195091330974339883e+01
7.183427049363626793e+01
7.195091330974339883e+01
7.195091330974339883e+01
7.195091330974339883e+01
6.929000092301708946e+01
6.929000092301708946e+01
7.130638583413465881e+01
7.186275132069067695e+01
7.183427049363626793e+01
7.183427049363626793e+01
7.183427049363626793e+01
6.944698732138715513e+01
7.128531239642830997e+01
7.188821243283737772e+01
7.186275132069067695e+01
7.195091330974339883e+01
7.195091330974339883e+01
7.195091330974339883e+01
7.186830765822442402e+01
6.929000092301708946e+01
7.128531239642830997e+01
7.195091330974339883e+01
7.186275132069067695e+01
7.186275132069067695e+01
7.186275132069067695e+01
7.188821243283737772e+01
7.186275132069067695e+01
7.183427049363626793e+01
7.195091330974339883e+01
7.195091330974339883e+01
7.195091330974339883e+01
7.195091330974339883e+01
7.186830765822442402e+01
7.188821243283737772e+01
7.195091330974339883e+01
7.195091330974339883e+01
7.195091330974339883e+01
7.195091330974339883e+01
7.195091330974339883e+01
7.195091330974339883e+01
7.186275132069067695e+01
7.195091330974339883e+01
7.186275132069067695e+01
7.183427049363626793e+01
7.183427049363626793e+01
7.183427049363626793e+01
7.186275132069067695e+01
7.195091330974339883e+01
7.195091330974339883e+01
7.195091330974339883e+01
7.195091330974339883e+01
7.195091330974339883e+01
7.195091330974339883e+01
7.186275132069067695e+01
7.195091330974339883e+01
7.186275132069067695e+01
7.186275132069067695e+01
7.186830765822442402e+01
7.186830765822442402e+01
7.186830765822442402e+01
7.195091330974339883e+01
7.195091330974339883e+01
7.183427049363626793e+01
7.183427049363626793e+01
7.183427049363626793e+01
7.183427049363626793e+01
7.183427049363626793e+01
7.195091330974339883e+01
7.195091330974339883e+01
7.195091330974339883e+01
7.195091330974339883e+01
7.195091330974339883e+01
7.195091330974339883e+01
7.195091330974339883e+01
7.188821243283737772e+01
7.186830765822442402e+01
7.186275132069067695e+01
7.183427049363626793e+01
7.186275132069067695e+01
7.186275132069067695e+01
7.186275132069067695e+01
7.183427049363626793e+01
7.195091330974339883e+01
7.186275132069067695e+01
7.183427049363626793e+01
7.186275132069067695e+01
7.186275132069067695e+01
7.186275132069067695e+01
7.186275132069067695e+01
7.195091330974339883e+01
7.186275132069067695e+01
7.195091330974339883e+01
7.188821243283737772e+01
7.188821243283737772e+01
7.188821243283737772e+01
6.943319858580684922e+01
7.183427049363626793e+01
7.188821243283737772e+01
6.943319858580684922e+01
7.117460647307109411e+01
7.117460647307109411e+01
7.117460647307109411e+01
7.188821243283737772e+01
7.186275132069067695e+01
7.195091330974339883e+01
7.186275132069067695e+01
7.186275132069067695e+01
7.186275132069067695e+01
7.186275132069067695e+01
7.195091330974339883e+01
7.195091330974339883e+01
7.195091330974339883e+01
7.195091330974339883e+01
7.186275132069067695e+01
7.186275132069067695e+01
7.186275132069067695e+01
7.195091330974339883e+01
7.195091330974339883e+01
7.195091330974339883e+01
7.195091330974339883e+01
7.195091330974339883e+01
7.195091330974339883e+01
7.195091330974339883e+01
7.195091330974339883e+01
7.186275132069067695e+01
7.183427049363626793e+01
7.117460647307109411e+01
7.186275132069067695e+01
7.186275132069067695e+01
7.186275132069067695e+01
7.183427049363626793e+01
7.186275132069067695e+01
7.186275132069067695e+01
7.195091330974339883e+01
7.195091330974339883e+01
7.195091330974339883e+01
7.195091330974339883e+01
7.186275132069067695e+01
7.186275132069067695e+01
7.195091330974339883e+01
7.195091330974339883e+01
7.195091330974339883e+01
7.195091330974339883e+01
7.195091330974339883e+01
7.195091330974339883e+01
7.195091330974339883e+01
7.186275132069067695e+01
7.195091330974339883e+01
7.186830765822442402e+01
7.186830765822442402e+01
7.186830765822442402e+01
7.186275132069067695e+01
7.188821243283737772e+01
7.130638583413465881e+01
7.195091330974339883e+01
