1.643690899999999907e+06
1.641957439999999944e+06
1.611968169999999925e+06
1.409727590000000084e+06
1.554806679999999935e+06
1.439541590000000084e+06
1.472515790000000037e+06
1.404429919999999925e+06
1.594968280000000028e+06
1.545418530000000028e+06
1.466058280000000028e+06
1.391256120000000112e+06
1.425100709999999963e+06
1.603955120000000112e+06
1.494251500000000000e+06
1.399662070000000065e+06
1.432069949999999953e+06
1.615524709999999963e+06
1.542561090000000084e+06
1.503284060000000056e+06
1.422711600000000093e+06
1.492418139999999898e+06
1.546074179999999935e+06
1.448938919999999925e+06
1.385065199999999953e+06
1.371986600000000093e+06
1.605491780000000028e+06
1.508237760000000009e+06
1.513080489999999991e+06
1.449142919999999925e+06
1.540163530000000028e+06
1.507460689999999944e+06
1.430378669999999925e+06
1.351791030000000028e+06
1.453329500000000000e+06
1.508239929999999935e+06
1.459409100000000093e+06
1.345454000000000000e+06
1.384209219999999972e+06
1.551659280000000028e+06
1.494479489999999991e+06
1.483784179999999935e+06
1.955624110000000102e+06
1.548033780000000028e+06
1.682614260000000009e+06
1.891034929999999935e+06
2.387950200000000186e+06
1.367320010000000009e+06
1.444732280000000028e+06
1.391013959999999963e+06
1.327405419999999925e+06
1.316899310000000056e+06
1.606629580000000075e+06
1.649614929999999935e+06
1.686842780000000028e+06
1.456800280000000028e+06
1.636263409999999916e+06
1.553191629999999888e+06
1.576818060000000056e+06
1.541102379999999888e+06
1.495064750000000000e+06
1.614259350000000093e+06
1.559889000000000000e+06
1.564819810000000056e+06
1.455090689999999944e+06
1.629391280000000028e+06
1.604775580000000075e+06
1.428218270000000019e+06
1.466046669999999925e+06
1.635078409999999916e+06
1.588948320000000065e+06
1.532114860000000102e+06
1.438830149999999907e+06
1.488538090000000084e+06
1.534849639999999898e+06
1.455119969999999972e+06
1.396926820000000065e+06
1.352219790000000037e+06
1.624383750000000000e+06
1.525147090000000084e+06
1.530761429999999935e+06
1.464693459999999963e+06
1.550229219999999972e+06
1.540471239999999991e+06
1.514259780000000028e+06
1.380020270000000019e+06
1.394561830000000075e+06
1.630989949999999953e+06
1.493525929999999935e+06
1.502562780000000028e+06
1.445249090000000084e+06
1.697229580000000075e+06
1.594938889999999898e+06
1.539483699999999953e+06
2.033320659999999916e+06
1.584083949999999953e+06
1.799682379999999888e+06
1.881176669999999925e+06
2.270188990000000224e+06
1.497462719999999972e+06
1.550369919999999925e+06
1.459601169999999925e+06
1.394393840000000084e+06
1.319325590000000084e+06
1.636339649999999907e+06
1.802477429999999935e+06
1.819870000000000000e+06
