1.911539917911520228e+06
1.925295132701941300e+06
1.911539917911520228e+06
1.622271278734925902e+06
1.622271278734925902e+06
1.596053468439335935e+06
1.610317201693643816e+06
1.610317201693643816e+06
1.614680888701462187e+06
1.614680888701462187e+06
1.610317201693643816e+06
1.610317201693643816e+06
1.610317201693643816e+06
1.612271895342047792e+06
1.612271895342047792e+06
1.610947357736791717e+06
1.610947357736791717e+06
1.630706511622861028e+06
1.653641742431155173e+06
1.709783244733686792e+06
1.690393173817379866e+06
1.634947889750132803e+06
1.630568720364821376e+06
1.630568720364821376e+06
1.630568720364821376e+06
1.631893257970077451e+06
1.612271895342047792e+06
1.631661966258354718e+06
1.631893257970077451e+06
1.610317201693643816e+06
1.610317201693643816e+06
1.612271895342047792e+06
1.596053468439335935e+06
1.844946438884610776e+06
1.596053468439335935e+06
1.610317201693643816e+06
