1.493992104695151094e+06
1.359009060782283312e+06
1.255432928268390708e+06
1.168114209390302422e+06
1.091184873733798508e+06
1.021635438051002682e+06
9.576781312502268702e+05
8.981481215645666234e+05
8.422363140854536323e+05
7.893536117347867694e+05
7.390552938030969817e+05
6.909958565367814153e+05
6.449005389380820561e+05
6.005465658462673891e+05
5.577503385871965438e+05
5.163584187806048431e+05
4.762410166041350458e+05
4.372871823468501680e+05
3.994011864324363414e+05
3.624997474675972480e+05
3.265098774526361376e+05
2.913671840840477962e+05
2.570145169462042395e+05
2.234008761020053644e+05
1.904805234757561702e+05
1.582122527920296416e+05
1.265587848051718902e+05
9.548626250045374036e+04
6.496382678126590326e+04
3.496325749227451161e+04
5.458667887610383332e+03
-2.357375687086675316e+04
-5.215598470066487789e+04
-8.030833111600647680e+04
-1.080496281720690895e+05
-1.353973718290927354e+05
