1.540247817348987795e+06
1.407683588262145175e+06
1.292219534807828721e+06
1.216720964063667692e+06
1.133122879235458327e+06
1.057402320978906006e+06
1.039519792517303256e+06
9.773522749971082667e+05
9.181341429466148838e+05
8.864808724753990537e+05
8.894456864361844491e+05
8.529671932280522306e+05
8.098065781813182402e+05
8.124018898764790501e+05
7.893343303652119357e+05
7.631145897236259189e+05
7.440348847023949493e+05
7.155829301333832555e+05
7.216584550001982134e+05
7.400455621394305490e+05
6.796971535275047645e+05
6.432092183580272831e+05
5.920199152295810636e+05
5.699615752285989001e+05
5.121352633803961799e+05
4.605995332509942818e+05
3.909127447590620723e+05
3.705207039792430587e+05
3.554856517748823389e+05
2.749625274290698580e+05
2.301433680211827159e+05
2.473569170889814850e+05
2.808528802742001135e+05
2.409954924536042381e+05
2.366283817905269098e+05
2.388094768844055943e+05
