1.471184941851512063e+06
1.638425697667764267e+06
1.536779909325057641e+06
1.566251164439164335e+06
1.507937224760253448e+06
1.587880319903349038e+06
1.624829112666151254e+06
1.553692233723911457e+06
1.515923726265068864e+06
1.472582897098351503e+06
1.660442774738782551e+06
1.591295873633966316e+06
1.444342194913715357e+06
1.484002940032818820e+06
1.669364740569098620e+06
1.608639651405994780e+06
1.558709160940332804e+06
1.464963172562287422e+06
1.524715161170225125e+06
1.577822034700640244e+06
1.481999843715166207e+06
1.419839701610885328e+06
1.387127768934591906e+06
1.657713621722487267e+06
1.553403957568446407e+06
1.558442887973774225e+06
1.488443168709100457e+06
1.582119904301258735e+06
1.565148391252593836e+06
1.507505012934412574e+06
1.393817602672985988e+06
1.452288718931799522e+06
1.607764993923289934e+06
1.508566190283987438e+06
1.454544857849850785e+06
1.439978756831108360e+06
