1.595014520173981087e+06
1.595014520173981087e+06
1.595014520173981087e+06
1.565843823245811975e+06
1.565843823245811975e+06
1.544215213990418473e+06
1.538633698028144892e+06
1.555064555382717634e+06
1.542905754312254488e+06
1.542905754312254488e+06
1.533356453573065577e+06
1.533356453573065577e+06
1.538633698028144892e+06
1.533356453573065577e+06
1.533356453573065577e+06
1.481960752660226310e+06
1.481960752660226310e+06
1.426130861031437991e+06
1.421655412571531953e+06
1.475329103626993485e+06
1.479804552086899523e+06
1.426130861031437991e+06
1.477485304200320272e+06
1.477485304200320272e+06
1.528881005113159539e+06
1.528881005113159539e+06
1.533356453573065577e+06
1.533356453573065577e+06
1.528881005113159539e+06
1.533356453573065577e+06
1.555064555382717634e+06
1.533356453573065577e+06
1.544215213990418473e+06
1.595014520173981087e+06
1.544215213990418473e+06
1.555064555382717634e+06
