1.524181000541272108e+06
1.696923465558928205e+06
1.591974857428855263e+06
1.621921629413490184e+06
1.567330447279921500e+06
1.640576512662241235e+06
1.679914105783657404e+06
1.609179804122681962e+06
1.573280319082208909e+06
1.530790549013024429e+06
1.718259434170514811e+06
1.648147559914944693e+06
1.502912581211000448e+06
1.540281649367229082e+06
1.727240736808921443e+06
1.664338295005719177e+06
1.613054867244281806e+06
1.520578211309695616e+06
1.583773258088678587e+06
1.636828737467332976e+06
1.543102266948907869e+06
1.478339548736584140e+06
1.447466600819380023e+06
1.716182297968687257e+06
1.611816659328933572e+06
1.617347761804576265e+06
1.548293816829912132e+06
1.641991015655917814e+06
1.619486671907705488e+06
1.564780335653438931e+06
1.451590204769835342e+06
1.513007601925837807e+06
1.668075096807593945e+06
1.568918255386294099e+06
1.513761671815309208e+06
1.503486049936510855e+06
