1.842116911667897366e+06
1.840958305376820732e+06
1.827877490543811116e+06
1.838941923310196493e+06
1.831683385742196813e+06
1.825026216384126805e+06
1.870691886993015651e+06
1.867705992885828950e+06
1.864100883862060495e+06
1.885073053591504693e+06
1.938114347512593027e+06
1.949504147208728362e+06
1.952274629981447943e+06
1.999083562018898781e+06
2.018693232433093246e+06
2.033765664548617788e+06
2.054721085442379117e+06
2.065156639601344243e+06
2.109066470390153117e+06
2.164316825821179897e+06
2.139932592636094429e+06
2.138573266893129796e+06
2.121733376925478689e+06
2.133295553943707608e+06
2.108405975861259736e+06
2.089163835940494202e+06
2.051164264790605754e+06
2.061886456107670441e+06
2.077423089767417870e+06
2.026956942464318126e+06
2.011705578019919805e+06
2.058021226077448577e+06
2.120175266901013441e+06
2.108551967470063828e+06
2.132013527285300195e+06
2.161635135468568653e+06
