1.819870000000000000e+06
1.819870000000000000e+06
1.819870000000000000e+06
1.819870000000000000e+06
1.819870000000000000e+06
1.819870000000000000e+06
1.819870000000000000e+06
1.819870000000000000e+06
1.819870000000000000e+06
1.819870000000000000e+06
1.819870000000000000e+06
1.819870000000000000e+06
1.819870000000000000e+06
1.819870000000000000e+06
1.819870000000000000e+06
1.819870000000000000e+06
1.819870000000000000e+06
1.819870000000000000e+06
1.819870000000000000e+06
1.819870000000000000e+06
1.819870000000000000e+06
1.819870000000000000e+06
1.819870000000000000e+06
1.819870000000000000e+06
1.819870000000000000e+06
1.819870000000000000e+06
1.819870000000000000e+06
1.819870000000000000e+06
1.819870000000000000e+06
1.819870000000000000e+06
1.819870000000000000e+06
1.819870000000000000e+06
1.819870000000000000e+06
1.819870000000000000e+06
1.819870000000000000e+06
1.819870000000000000e+06
