1.861658597299627960e+06
1.862227072361255065e+06
1.848919335782677867e+06
1.859542523964948021e+06
1.851819231906316243e+06
1.844694729687940329e+06
1.889892784962002188e+06
1.886439243195327930e+06
1.882366482798535377e+06
1.902871001650603488e+06
1.955444647107942030e+06
1.966366795177750289e+06
1.968669625780224800e+06
2.015010908867565915e+06
2.034152928405578248e+06
2.048757709526186809e+06
2.069245479651039466e+06
2.079213382430712692e+06
2.122655564169627614e+06
2.177438267481146380e+06
2.152586381826108322e+06
2.150759406015650369e+06
2.133451865649389103e+06
2.144546392646667548e+06
2.119189163133597001e+06
2.099479372098385356e+06
2.061012147683609277e+06
2.071266688868640922e+06
2.086335672598722391e+06
2.035401871472017840e+06
2.019682854459758848e+06
2.065530853485420346e+06
2.127217240973301232e+06
2.115126288830495439e+06
2.138120199126788415e+06
2.167274156588246115e+06
