1.539387830000000075e+06
1.688420760000000009e+06
1.675431159999999916e+06
1.677472780000000028e+06
1.511068070000000065e+06
1.649604629999999888e+06
1.899676879999999888e+06
1.621031699999999953e+06
1.521577870000000112e+06
1.468928370000000112e+06
1.684519989999999991e+06
1.611096050000000047e+06
1.595901870000000112e+06
1.555444550000000047e+06
1.624477580000000075e+06
1.697230959999999963e+06
1.630607000000000000e+06
1.527845810000000056e+06
1.540421489999999991e+06
1.769854159999999916e+06
1.527014040000000037e+06
1.497954760000000009e+06
1.439123709999999963e+06
1.631135790000000037e+06
1.592409969999999972e+06
1.597868050000000047e+06
1.494122379999999888e+06
1.582083399999999907e+06
1.661767330000000075e+06
1.517428870000000112e+06
1.506126060000000056e+06
1.437059260000000009e+06
1.670785969999999972e+06
1.573072810000000056e+06
1.508068770000000019e+06
1.493659739999999991e+06
