1.578275101957109757e+06
1.751573144349866081e+06
1.645791747572133085e+06
1.674642741087978706e+06
1.618516983753024135e+06
1.694805286391218426e+06
1.733686594357329421e+06
1.661154719003198901e+06
1.631151106093533104e+06
1.586802633259369293e+06
1.775022704794369172e+06
1.708838549199094297e+06
1.562229688764701132e+06
1.596836223748045741e+06
1.783155591369077098e+06
1.724287421852495754e+06
1.670343338916712441e+06
1.577112342154996004e+06
1.644363976638090331e+06
1.693581186402169289e+06
1.603674858452943387e+06
1.537103595779482974e+06
1.503059973838912556e+06
1.773299731496960158e+06
1.674385662124128547e+06
1.676472076786194229e+06
1.607130321365749463e+06
1.705637555585643509e+06
1.682331510970217176e+06
1.620254316916425014e+06
1.507660413210101658e+06
1.571590338193681324e+06
1.725245092973222956e+06
1.629504493359543616e+06
1.572332891983974725e+06
1.564995696853247471e+06
