2.183069377250268124e+06
2.316770556460364722e+06
2.405619136757527012e+06
2.502364083866228350e+06
2.570515584577173926e+06
2.631987138396974653e+06
2.740265777406700887e+06
2.795526211393547710e+06
2.846598822650455870e+06
2.919261130825807806e+06
3.021443607779699378e+06
3.079766397127448581e+06
3.127532673379131593e+06
3.217619927858652547e+06
3.278971526445944794e+06
3.334400829328747466e+06
3.394456074599684216e+06
3.442843834728042129e+06
3.523652673339056782e+06
3.614830972822862212e+06
3.625475610124711879e+06
3.658309593673273455e+06
3.674883816069196910e+06
3.719131210064736195e+06
3.726243062886797823e+06
3.738359210945776664e+06
3.731111550608156249e+06
3.772012673758038785e+06
3.817185693422562443e+06
3.795841215514965821e+06
3.809222340898334980e+06
3.883704789881858975e+06
3.973581601672402583e+06
3.989257085207386874e+06
4.039612016463049687e+06
4.095738836292086635e+06
