2.145747895304848440e+06
2.280730939217716455e+06
2.384307071731609292e+06
2.471625790609697346e+06
2.548555126266201027e+06
2.618104561948996969e+06
2.682061868749772664e+06
2.741591878435432911e+06
2.797503685914546251e+06
2.850386388265212998e+06
2.900684706196902320e+06
2.948744143463218119e+06
2.994839461061917245e+06
3.039193434153731912e+06
3.081989661412802991e+06
3.123381581219394691e+06
3.163498983395864256e+06
3.202452817653149366e+06
3.240338813567562960e+06
3.277240252532402053e+06
3.313230122547362931e+06
3.348372815915951505e+06
3.382725483053795062e+06
3.416339123897993937e+06
3.449259476524243131e+06
3.481527747207969427e+06
3.513181215194827411e+06
3.544253737499545328e+06
3.574776173218733631e+06
3.604776742507725023e+06
3.634281332112388685e+06
3.663313756870865822e+06
3.691895984700663947e+06
3.720048331116005778e+06
3.747789628172068391e+06
3.775137371829092037e+06
