1.460175690175268101e+06
1.465234758992497111e+06
1.460175690175268101e+06
1.445474598393525230e+06
1.445474598393525230e+06
1.438915768214614363e+06
1.420119277869565645e+06
1.415518890173122752e+06
1.445474598393525230e+06
1.445474598393525230e+06
1.415243883933512727e+06
1.415243883933512727e+06
1.420119277869565645e+06
1.400837567903101677e+06
1.400837567903101677e+06
1.362664590972837294e+06
1.362664590972837294e+06
1.336833460378373275e+06
1.327810473267125431e+06
1.321436457698862068e+06
1.330824157397528645e+06
1.336833460378373275e+06
1.360871273361904314e+06
1.360871273361904314e+06
1.399044250292168697e+06
1.399044250292168697e+06
1.400837567903101677e+06
1.396152757921361597e+06
1.399044250292168697e+06
1.415243883933512727e+06
1.415518890173122752e+06
1.400837567903101677e+06
1.438915768214614363e+06
1.465234758992497111e+06
1.438915768214614363e+06
1.415518890173122752e+06
