1.701261700975338353e+00
1.698476952497661729e+00
1.589136461254260668e+00
1.601582195968862310e+00
1.616902115744467849e+00
1.600194636099467882e+00
1.510534723544831204e+00
1.375026312660774241e+00
1.468461732178629298e+00
1.485008218497762655e+00
1.463397535463465848e+00
1.410074466921182879e+00
1.408685896004064908e+00
1.423286924552857879e+00
1.322686570932926742e+00
1.300931392113716445e+00
1.248758363670116722e+00
1.258741169096921686e+00
1.160524762418051470e+00
1.174345489164497991e+00
1.170536592347581450e+00
1.068548869862023132e+00
1.175858958767548756e+00
1.243465871992600391e+00
1.233387297344016531e+00
1.192536978473808018e+00
1.143636865357223087e+00
1.122158140178147745e+00
1.116303481782013218e+00
1.113889543324284359e+00
1.096785115058317217e+00
1.026449086932804677e+00
1.053082203415675266e+00
1.084482602744395674e+00
8.117291191671853756e-01
1.029927649049691141e+00
1.023815692365127816e+00
2.841564872555456533e-01
8.601230477921462114e-01
9.556282584752756604e-01
1.046296609206533113e+00
9.856490899277245976e-01
1.034596732898888316e+00
