1.709368751072522619e+00
1.732340960103148753e+00
1.756357535817613114e+00
1.728875976698570849e+00
1.684355625731026596e+00
1.716449639864244592e+00
1.742564073106114941e+00
1.625568939617600295e+00
1.619612864874155900e+00
1.643690492613253173e+00
1.720926569771999537e+00
1.629717402472702803e+00
1.612775032470785019e+00
1.612367165856845030e+00
1.661964287753722624e+00
1.636219361290210506e+00
1.629459684584124934e+00
1.619273330002505507e+00
1.591980010196714757e+00
1.625434038385182189e+00
1.595729422126928476e+00
1.674289830325710104e+00
1.652058899130752989e+00
1.674294077830496219e+00
1.653166789462334751e+00
1.682478542519382891e+00
1.616669327994976424e+00
1.572854570644966143e+00
1.552944398641302737e+00
1.563076336331515437e+00
1.509309244692408125e+00
1.532015620207451967e+00
1.497328022879115261e+00
1.515823805652465550e+00
1.504788915977843144e+00
1.409812245320083424e+00
1.460356761013084759e+00
1.434286578452499850e+00
1.431428409730409967e+00
1.480119800552636589e+00
1.501584982084907649e+00
1.468525933675598028e+00
1.476587803717312131e+00
