1.712863524987174424e+00
1.647775465893360991e+00
1.597831641555508719e+00
1.555727049974348741e+00
1.518632160126624830e+00
1.485095816238978461e+00
1.454255965218748337e+00
1.425550931786722098e+00
1.398590574961523059e+00
1.373090835469334747e+00
1.348837271503400714e+00
1.325663283111017332e+00
1.303436382095591206e+00
1.282049147536642231e+00
1.261413049193588432e+00
1.241454099948697376e+00
1.222109715884889702e+00
1.203326397680083204e+00
1.185057985074888798e+00
1.167264320253249554e+00
1.149910208815189572e+00
1.132964601156742024e+00
1.116399939671249397e+00
1.100191632477956816e+00
1.084317624935871915e+00
1.068758047612416995e+00
1.053494924666525723e+00
1.038511930437496567e+00
1.023794184843761057e+00
1.009328080286285179e+00
9.951011343228592931e-01
9.811018635734439775e-01
9.673196752326655989e-01
9.537447732746530127e-01
9.403680769890842006e-01
9.271811499230461218e-01
9.141761376488418689e-01
9.013457130537529949e-01
8.886830280695239281e-01
8.761816709386693880e-01
8.638356282606149961e-01
8.516392511800310317e-01
8.395872251778784268e-01
