1.971131063353535939e+00
1.864311049396742304e+00
2.002604049711281142e+00
2.002604049711281142e+00
1.989539199246491918e+00
1.902966401672378183e+00
1.993974956402887688e+00
2.014632899906424690e+00
2.003601394891606269e+00
1.880489085393106441e+00
1.912600308178679986e+00
1.998910580834312167e+00
1.911744800531180566e+00
1.993264505263507180e+00
1.897495840322053873e+00
1.860584841941680834e+00
1.984946215671735015e+00
1.885134904832503899e+00
1.855980805928525212e+00
1.860584841941680834e+00
1.855210056849847300e+00
1.878294817550234530e+00
1.901221519472286348e+00
1.853282225752374668e+00
1.853282225752374668e+00
1.879065566628912443e+00
1.975319777183016212e+00
1.855980805928525212e+00
1.862086250626923123e+00
1.855980805928525212e+00
1.867413213779658854e+00
1.878123641589783510e+00
1.857719326710606911e+00
1.855791495613134279e+00
1.963266896138892159e+00
1.963266896138892159e+00
1.950202045674103601e+00
1.961339065041419527e+00
1.963266896138892159e+00
1.963266896138892159e+00
1.967870932152048002e+00
1.963266896138892159e+00
1.899082441371096719e+00
