1.841583789842331953e+00
1.896922353673886619e+00
1.832181448596088558e+00
1.882226373702849287e+00
1.930671845195831793e+00
1.943912153465078063e+00
1.881792074136001247e+00
1.771917115013224020e+00
1.889427998779609652e+00
1.928745625350018145e+00
1.928793254034189886e+00
1.896164441604838657e+00
1.914624382494224619e+00
1.948324104889593400e+00
1.866151684219829576e+00
1.862219747581690399e+00
1.827321157676038865e+00
1.854077372625596354e+00
1.772174567335810025e+00
1.801884948067225878e+00
1.813573186254899383e+00
1.726717806935113231e+00
1.848820055972964838e+00
1.930900906723820754e+00
1.934997741678984085e+00
1.908042047794708651e+00
1.872771827382706533e+00
1.864672841360487610e+00
1.871961056412146718e+00
1.882465277211252896e+00
1.878065440769830730e+00
1.820230691637704012e+00
1.859171233605195539e+00
1.902693952712041892e+00
1.641885792235513009e+00
1.871860182251651850e+00
1.877361636698452685e+00
1.149159936793097359e+00
1.736434211897602609e+00
1.843103072179786750e+00
1.944796377477985061e+00
1.895040162133653894e+00
1.954750204245840450e+00
