1.870000000000000107e+00
1.870000000000000107e+00
1.870000000000000107e+00
1.870000000000000107e+00
1.870000000000000107e+00
1.870000000000000107e+00
1.870000000000000107e+00
1.870000000000000107e+00
1.870000000000000107e+00
1.870000000000000107e+00
1.870000000000000107e+00
1.870000000000000107e+00
1.870000000000000107e+00
1.870000000000000107e+00
1.870000000000000107e+00
1.870000000000000107e+00
1.870000000000000107e+00
1.870000000000000107e+00
1.870000000000000107e+00
1.870000000000000107e+00
1.870000000000000107e+00
1.870000000000000107e+00
1.870000000000000107e+00
1.870000000000000107e+00
1.870000000000000107e+00
1.870000000000000107e+00
1.870000000000000107e+00
1.870000000000000107e+00
1.870000000000000107e+00
1.870000000000000107e+00
1.870000000000000107e+00
1.870000000000000107e+00
1.870000000000000107e+00
1.870000000000000107e+00
1.870000000000000107e+00
1.870000000000000107e+00
1.870000000000000107e+00
1.870000000000000107e+00
1.870000000000000107e+00
1.870000000000000107e+00
1.870000000000000107e+00
1.870000000000000107e+00
1.870000000000000107e+00
