1.759585279269383795e+00
1.667405872023307367e+00
1.794325046757212272e+00
1.794325046757212272e+00
1.787753909253595452e+00
1.658439667785695182e+00
1.794325046757212272e+00
1.729959877914595934e+00
1.700647868569180821e+00
1.679102067427063583e+00
1.636636271314270585e+00
1.700685230693399941e+00
1.638361391717723548e+00
1.834363727987840864e+00
1.645090656244269978e+00
1.629317424498919031e+00
1.791019131019587540e+00
1.642419644678773327e+00
1.773911859617559594e+00
1.740384387276941780e+00
1.772836567370178695e+00
1.743933440190830630e+00
1.695203697469521265e+00
1.772836567370178695e+00
1.772836567370178695e+00
1.724004024690620307e+00
1.895968220222103318e+00
1.773911859617559594e+00
1.748059058787109432e+00
1.765892170484030688e+00
1.728999764790170701e+00
1.759326695087204184e+00
1.788909345382712957e+00
1.788909345382712957e+00
1.877072505711159467e+00
1.877072505711159467e+00
1.870501368207542647e+00
1.877072505711159467e+00
1.877072505711159467e+00
1.877072505711159467e+00
1.838026662804963740e+00
1.877765643157457642e+00
1.770991692163458531e+00
