1.827936344855546791e+00
1.870009440999595540e+00
1.917393969428129674e+00
1.910048343712473118e+00
1.879052305883077700e+00
1.927444895643801726e+00
1.966399985354386981e+00
1.857274461043687985e+00
1.856929496315466555e+00
1.888435950214161441e+00
1.987477556296985304e+00
1.889388600266669771e+00
1.891119346217526864e+00
1.915962864147757294e+00
1.963648966526554185e+00
1.964340799150115835e+00
1.960251870059127155e+00
1.985253797533993003e+00
1.950164022304631484e+00
1.990862633130451975e+00
1.966927988804486382e+00
2.049380628186523001e+00
2.034478922307963344e+00
2.078439855252661950e+00
2.067175589770676503e+00
2.089604394776604757e+00
2.037486231271229187e+00
2.005285200727901618e+00
2.005728411496103814e+00
2.011828402742262156e+00
1.940334426215320818e+00
1.988252078761965080e+00
1.951115515758678587e+00
1.985091070943412639e+00
1.964290214830323844e+00
1.835433192176263217e+00
1.934116300248329257e+00
1.892648885297852912e+00
1.885345804045227114e+00
1.989492971647490283e+00
1.987852344913267233e+00
1.965991244076848776e+00
2.008864167110388621e+00
