1.615433077295091779e+00
1.484712261336818440e+00
1.608623716974562967e+00
1.608623716974562967e+00
1.598307364291149169e+00
1.490323359569520667e+00
1.606540622321190659e+00
1.600886318939311437e+00
1.629063869630645867e+00
1.577436718162589235e+00
1.583103788696027747e+00
1.680188877109992651e+00
1.583103788696027747e+00
1.705234555678710739e+00
1.595010324591390694e+00
1.561293520295856219e+00
1.718555320605252179e+00
1.593177715603449229e+00
1.564015979497848985e+00
1.592605317388140929e+00
1.494064246122854822e+00
1.487346372960267615e+00
1.552488225078892947e+00
1.494064246122854822e+00
1.494064246122854822e+00
1.586075037546914590e+00
1.723537405911977904e+00
1.592605317388140929e+00
1.576373619041873564e+00
1.600603318253480012e+00
1.566569232973462178e+00
1.606341680509099756e+00
1.489688893566594619e+00
1.562727382301038137e+00
1.673939488042449630e+00
1.673939488042449630e+00
1.663623135359035832e+00
1.673939488042449630e+00
1.673939488042449630e+00
1.686198954498542957e+00
1.687862977541543463e+00
1.700713509283042990e+00
1.633115701749693116e+00
