2.027136475012825567e+00
2.092224534106639222e+00
2.142168358444491272e+00
2.184272950025651472e+00
2.221367839873375161e+00
2.254904183761021308e+00
2.285744034781251877e+00
2.314449068213277894e+00
2.341409425038476932e+00
2.366909164530665244e+00
2.391162728496599499e+00
2.414336716888982437e+00
2.436563617904408563e+00
2.457950852463357982e+00
2.478586950806411338e+00
2.498545900051302393e+00
2.517890284115110511e+00
2.536673602319917009e+00
2.554942014925110971e+00
2.572735679746750659e+00
2.590089791184810419e+00
2.607035398843257745e+00
2.623600060328750594e+00
2.639808367522042953e+00
2.655682375064127854e+00
2.671241952387582774e+00
2.686505075333474046e+00
2.701488069562503203e+00
2.716205815156238934e+00
2.730671919713715035e+00
2.744898865677140698e+00
2.758898136426555681e+00
2.772680324767334170e+00
2.786255226725346645e+00
2.799631923010915457e+00
2.812818850076953758e+00
2.825823862351158233e+00
2.838654286946246774e+00
2.851316971930475841e+00
2.863818329061330381e+00
2.876164371739384773e+00
2.888360748819968737e+00
2.900412774822121342e+00
