1.981905878709325552e+00
2.095367754850111286e+00
2.075226435937916225e+00
2.162870551436836486e+00
2.244441574647195736e+00
2.287629670830688244e+00
2.253049424727171068e+00
2.168807917365673799e+00
2.310394265380590006e+00
2.372483032202273634e+00
2.394188972604914145e+00
2.382254416288494436e+00
2.420562868984384330e+00
2.473361285226328921e+00
2.409616797506732411e+00
2.423508103049664353e+00
2.405883951681961008e+00
2.449413576154270800e+00
2.383824372253568580e+00
2.429424406969953765e+00
2.456609780162217316e+00
2.384886744008203330e+00
2.521781153178380919e+00
2.618335941455041116e+00
2.636608186013951638e+00
2.623547117115609062e+00
2.601906789408189979e+00
2.607187542542827252e+00
2.627618631042280217e+00
2.651041011098221212e+00
2.659345766481344242e+00
2.614012296342603570e+00
2.665260263794715812e+00
2.720905302679688109e+00
2.472042465303840864e+00
2.713792715453612558e+00
2.730907581031777553e+00
2.014163386330649175e+00
2.612745376003059228e+00
2.730577885884297729e+00
2.843296145749437009e+00
2.804431234339583412e+00
2.874903675592792585e+00
