1.949754127693266836e+00
2.019419256309487043e+00
2.083847813893261680e+00
2.093694521997371272e+00
2.076694244847054893e+00
2.130015276600400576e+00
2.194725987172382542e+00
2.095382368745097423e+00
2.094019013729411682e+00
2.153916614440969823e+00
2.271342598880865538e+00
2.160617398014337276e+00
2.170207642705013207e+00
2.210681821609762121e+00
2.280205931484513115e+00
2.302908269119422702e+00
2.278050672156604950e+00
2.341003988263825608e+00
2.297378921969987164e+00
2.356497934381815540e+00
2.344579607711195557e+00
2.445665282182390321e+00
2.419276956997143735e+00
2.476689505491590726e+00
2.490327758765035870e+00
2.520544559032662058e+00
2.456788662174835380e+00
2.425630907282299020e+00
2.442220854275017228e+00
2.449434895099757536e+00
2.361853393315873628e+00
2.424609691506259157e+00
2.387831504110646375e+00
2.439189628851214042e+00
2.412442726292606032e+00
2.263736969522712084e+00
2.396982390656069217e+00
2.343631332170005077e+00
2.352888500069395317e+00
2.493536102549821720e+00
2.489047033946130139e+00
2.468663920756897667e+00
2.517395625005995896e+00
